  0.000000000000000E+000  0.000000000000000E+000 -0.125233555783778     
  0.000000000000000E+000  0.300499995549520      -0.133381785010655     
  0.000000000000000E+000  0.600999991099040      -0.137554744723209     
  0.000000000000000E+000  0.901499986648560      -0.138359936086122     
  0.000000000000000E+000   1.20199998219808      -0.139307460479811     
  0.000000000000000E+000   1.50249997774760      -0.141373006600616     
  0.000000000000000E+000   1.80299997329712      -0.144795875518985     
  0.000000000000000E+000   2.10349996884664      -0.149716974833159     
  0.000000000000000E+000   2.40399996439616      -0.156337670148708     
  0.000000000000000E+000   2.70449995994568      -0.164123056599636     
  0.000000000000000E+000   3.00499995549520      -0.171038117460047     
  0.000000000000000E+000   3.30549995104472      -0.173046415069412     
  0.000000000000000E+000   3.60599994659424      -0.171787444014377     
  0.000000000000000E+000   3.90649994214376      -0.173023684749227     
  0.000000000000000E+000   4.20699993769328      -0.171000828971635     
  0.000000000000000E+000   4.50749993324280      -0.164092325601864     
  0.000000000000000E+000   4.80799992879232      -0.156321473420606     
  0.000000000000000E+000   5.10849992434184      -0.149713818491999     
  0.000000000000000E+000   5.40899991989136      -0.144800627750420     
  0.000000000000000E+000   5.70949991544088      -0.141382833565253     
  0.000000000000000E+000   6.00999991099040      -0.139320596152713     
  0.000000000000000E+000   6.31049990653992      -0.138376138396445     
  0.000000000000000E+000   6.61099990208944      -0.137574599123791     
  0.000000000000000E+000   6.91149989763896      -0.133396987452515     
  0.000000000000000E+000   7.21199989318848      -0.125239784108955     
  0.300499995549520       0.000000000000000E+000 -0.133380799744339     
  0.300499995549520       0.300499995549520      -0.133281378125865     
  0.300499995549520       0.600999991099040      -0.139845480503802     
  0.300499995549520       0.901499986648560      -0.145408315154321     
  0.300499995549520        1.20199998219808      -0.149195184428480     
  0.300499995549520        1.50249997774760      -0.152977286853165     
  0.300499995549520        1.80299997329712      -0.157581571429385     
  0.300499995549520        2.10349996884664      -0.163282435344094     
  0.300499995549520        2.40399996439616      -0.169955069124445     
  0.300499995549520        2.70449995994568      -0.176584446526484     
  0.300499995549520        3.00499995549520      -0.180765531298103     
  0.300499995549520        3.30549995104472      -0.179710287855930     
  0.300499995549520        3.60599994659424      -0.177082058943084     
  0.300499995549520        3.90649994214376      -0.179668135607276     
  0.300499995549520        4.20699993769328      -0.180715056789294     
  0.300499995549520        4.50749993324280      -0.176549011694503     
  0.300499995549520        4.80799992879232      -0.169941230267282     
  0.300499995549520        5.10849992434184      -0.163286701990338     
  0.300499995549520        5.40899991989136      -0.157597071972399     
  0.300499995549520        5.70949991544088      -0.152999117516168     
  0.300499995549520        6.00999991099040      -0.149219533655667     
  0.300499995549520        6.31049990653992      -0.145433734386933     
  0.300499995549520        6.61099990208944      -0.139874269346591     
  0.300499995549520        6.91149989763896      -0.133309329886017     
  0.300499995549520        7.21199989318848      -0.133395096507804     
  0.600999991099040       0.000000000000000E+000 -0.137553425703874     
  0.600999991099040       0.300499995549520      -0.139844995570114     
  0.600999991099040       0.600999991099040      -0.144698609394250     
  0.600999991099040       0.901499986648560      -0.152144269895223     
  0.600999991099040        1.20199998219808      -0.158788190677398     
  0.600999991099040        1.50249997774760      -0.164907925996629     
  0.600999991099040        1.80299997329712      -0.171236518239993     
  0.600999991099040        2.10349996884664      -0.178089520851312     
  0.600999991099040        2.40399996439616      -0.185151103230481     
  0.600999991099040        2.70449995994568      -0.191176149003790     
  0.600999991099040        3.00499995549520      -0.193948639682696     
  0.600999991099040        3.30549995104472      -0.192297568853312     
  0.600999991099040        3.60599994659424      -0.190252642184417     
  0.600999991099040        3.90649994214376      -0.192263256813224     
  0.600999991099040        4.20699993769328      -0.193907355541575     
  0.600999991099040        4.50749993324280      -0.191149468864755     
  0.600999991099040        4.80799992879232      -0.185146255327644     
  0.600999991099040        5.10849992434184      -0.178103482306190     
  0.600999991099040        5.40899991989136      -0.171263797551215     
  0.600999991099040        5.70949991544088      -0.164942487510209     
  0.600999991099040        6.00999991099040      -0.158824273979081     
  0.600999991099040        6.31049990653992      -0.152177996481954     
  0.600999991099040        6.61099990208944      -0.144729791263665     
  0.600999991099040        6.91149989763896      -0.139873031074121     
  0.600999991099040        7.21199989318848      -0.137572234822214     
  0.901499986648560       0.000000000000000E+000 -0.138358529238772     
  0.901499986648560       0.300499995549520      -0.145407204717697     
  0.901499986648560       0.600999991099040      -0.152143541464841     
  0.901499986648560       0.901499986648560      -0.160456670015090     
  0.901499986648560        1.20199998219808      -0.169082159299120     
  0.901499986648560        1.50249997774760      -0.177530602071410     
  0.901499986648560        1.80299997329712      -0.185993975363338     
  0.901499986648560        2.10349996884664      -0.194641942277609     
  0.901499986648560        2.40399996439616      -0.203146546703737     
  0.901499986648560        2.70449995994568      -0.210440016571976     
  0.901499986648560        3.00499995549520      -0.214998753501707     
  0.901499986648560        3.30549995104472      -0.216266466165179     
  0.901499986648560        3.60599994659424      -0.216137979336469     
  0.901499986648560        3.90649994214376      -0.216247777461609     
  0.901499986648560        4.20699993769328      -0.214976649314092     
  0.901499986648560        4.50749993324280      -0.210429747592338     
  0.901499986648560        4.80799992879232      -0.203153243822248     
  0.901499986648560        5.10849992434184      -0.194665323482528     
  0.901499986648560        5.40899991989136      -0.186031747958770     
  0.901499986648560        5.70949991544088      -0.177576255802976     
  0.901499986648560        6.00999991099040      -0.169128633864190     
  0.901499986648560        6.31049990653992      -0.160498151306022     
  0.901499986648560        6.61099990208944      -0.152177081783450     
  0.901499986648560        6.91149989763896      -0.145432039983726     
  0.901499986648560        7.21199989318848      -0.138373791084869     
   1.20199998219808       0.000000000000000E+000 -0.139305540518509     
   1.20199998219808       0.300499995549520      -0.149193255857634     
   1.20199998219808       0.600999991099040      -0.158786546750875     
   1.20199998219808       0.901499986648560      -0.169081244970173     
   1.20199998219808        1.20199998219808      -0.179864268399455     
   1.20199998219808        1.50249997774760      -0.190786507945628     
   1.20199998219808        1.80299997329712      -0.201781612933383     
   1.20199998219808        2.10349996884664      -0.212929386788930     
   1.20199998219808        2.40399996439616      -0.223829241034700     
   1.20199998219808        2.70449995994568      -0.233479570367149     
   1.20199998219808        3.00499995549520      -0.240796770465072     
   1.20199998219808        3.30549995104472      -0.245049210191899     
   1.20199998219808        3.60599994659424      -0.246358674894882     
   1.20199998219808        3.90649994214376      -0.245042654922245     
   1.20199998219808        4.20699993769328      -0.240791285750498     
   1.20199998219808        4.50749993324280      -0.233483086653603     
   1.20199998219808        4.80799992879232      -0.223845942543026     
   1.20199998219808        5.10849992434184      -0.212960219207436     
   1.20199998219808        5.40899991989136      -0.201825804607107     
   1.20199998219808        5.70949991544088      -0.190838790727571     
   1.20199998219808        6.00999991099040      -0.179917029997418     
   1.20199998219808        6.31049990653992      -0.169127800364192     
   1.20199998219808        6.61099990208944      -0.158822619197191     
   1.20199998219808        6.91149989763896      -0.149217353317217     
   1.20199998219808        7.21199989318848      -0.139318016299773     
   1.50249997774760       0.000000000000000E+000 -0.141370368574629     
   1.50249997774760       0.300499995549520      -0.152974519512692     
   1.50249997774760       0.600999991099040      -0.164905481587262     
   1.50249997774760       0.901499986648560      -0.177529019586249     
   1.50249997774760        1.20199998219808      -0.190785972326772     
   1.50249997774760        1.50249997774760      -0.204428753595255     
   1.50249997774760        1.80299997329712      -0.218372630290549     
   1.50249997774760        2.10349996884664      -0.232567347223069     
   1.50249997774760        2.40399996439616      -0.246330230034313     
   1.50249997774760        2.70449995994568      -0.258677950727051     
   1.50249997774760        3.00499995549520      -0.268495536581761     
   1.50249997774760        3.30549995104472      -0.274786322864257     
   1.50249997774760        3.60599994659424      -0.276942712848163     
   1.50249997774760        3.90649994214376      -0.274786246885788     
   1.50249997774760        4.20699993769328      -0.268499112896967     
   1.50249997774760        4.50749993324280      -0.258689830752252     
   1.50249997774760        4.80799992879232      -0.246353450640180     
   1.50249997774760        5.10849992434184      -0.232602347360074     
   1.50249997774760        5.40899991989136      -0.218417774601413     
   1.50249997774760        5.70949991544088      -0.204480949855000     
   1.50249997774760        6.00999991099040      -0.190838461724767     
   1.50249997774760        6.31049990653992      -0.177574993487565     
   1.50249997774760        6.61099990208944      -0.164940367962330     
   1.50249997774760        6.91149989763896      -0.152996510743847     
   1.50249997774760        7.21199989318848      -0.141379990751459     
   1.80299997329712       0.000000000000000E+000 -0.144792556260730     
   1.80299997329712       0.300499995549520      -0.157578121061985     
   1.80299997329712       0.600999991099040      -0.171233656458248     
   1.80299997329712       0.901499986648560      -0.185992398440629     
   1.80299997329712        1.20199998219808      -0.201781515026936     
   1.80299997329712        1.50249997774760      -0.218373324579548     
   1.80299997329712        1.80299997329712      -0.235583961707291     
   1.80299997329712        2.10349996884664      -0.252897446755590     
   1.80299997329712        2.40399996439616      -0.269527510911391     
   1.80299997329712        2.70449995994568      -0.284442001130209     
   1.80299997329712        3.00499995549520      -0.296408137374303     
   1.80299997329712        3.30549995104472      -0.304195965775989     
   1.80299997329712        3.60599994659424      -0.306901673424093     
   1.80299997329712        3.90649994214376      -0.304198753509473     
   1.80299997329712        4.20699993769328      -0.296415933594467     
   1.80299997329712        4.50749993324280      -0.284457830727177     
   1.80299997329712        4.80799992879232      -0.269553205964734     
   1.80299997329712        5.10849992434184      -0.252932598259814     
   1.80299997329712        5.40899991989136      -0.235626057395207     
   1.80299997329712        5.70949991544088      -0.218418700029189     
   1.80299997329712        6.00999991099040      -0.201826160662372     
   1.80299997329712        6.31049990653992      -0.186030791399501     
   1.80299997329712        6.61099990208944      -0.171261642456595     
   1.80299997329712        6.91149989763896      -0.157594286519390     
   1.80299997329712        7.21199989318848      -0.144797753145372     
   2.10349996884664       0.000000000000000E+000 -0.149713038673804     
   2.10349996884664       0.300499995549520      -0.163278460417452     
   2.10349996884664       0.600999991099040      -0.178086675024182     
   2.10349996884664       0.901499986648560      -0.194641238604266     
   2.10349996884664        1.20199998219808      -0.212930938809375     
   2.10349996884664        1.50249997774760      -0.232570203173187     
   2.10349996884664        1.80299997329712      -0.252899858254710     
   2.10349996884664        2.10349996884664      -0.273115327294015     
   2.10349996884664        2.40399996439616      -0.292300489573124     
   2.10349996884664        2.70449995994568      -0.309363280563734     
   2.10349996884664        3.00499995549520      -0.323002220927145     
   2.10349996884664        3.30549995104472      -0.331870820302214     
   2.10349996884664        3.60599994659424      -0.334951537997248     
   2.10349996884664        3.90649994214376      -0.331874614397138     
   2.10349996884664        4.20699993769328      -0.323011314100436     
   2.10349996884664        4.50749993324280      -0.309379503660547     
   2.10349996884664        4.80799992879232      -0.292324723831607     
   2.10349996884664        5.10849992434184      -0.273146586958898     
   2.10349996884664        5.40899991989136      -0.252935242636567     
   2.10349996884664        5.70949991544088      -0.232605688918351     
   2.10349996884664        6.00999991099040      -0.212962502969268     
   2.10349996884664        6.31049990653992      -0.194665575101208     
   2.10349996884664        6.61099990208944      -0.178101762328951     
   2.10349996884664        6.91149989763896      -0.163283954478643     
   2.10349996884664        7.21199989318848      -0.149711115809014     
   2.40399996439616       0.000000000000000E+000 -0.156332932053764     
   2.40399996439616       0.300499995549520      -0.169950248072667     
   2.40399996439616       0.600999991099040      -0.185148188554767     
   2.40399996439616       0.901499986648560      -0.203147011505977     
   2.40399996439616        1.20199998219808      -0.223833214859277     
   2.40399996439616        1.50249997774760      -0.246336428105718     
   2.40399996439616        1.80299997329712      -0.269533736193832     
   2.40399996439616        2.10349996884664      -0.292304431030415     
   2.40399996439616        2.40399996439616      -0.313578438547253     
   2.40399996439616        2.70449995994568      -0.332234596902679     
   2.40399996439616        3.00499995549520      -0.346998931824183     
   2.40399996439616        3.30549995104472      -0.356540011135981     
   2.40399996439616        3.60599994659424      -0.359843034856669     
   2.40399996439616        3.90649994214376      -0.356543785257202     
   2.40399996439616        4.20699993769328      -0.347007242530184     
   2.40399996439616        4.50749993324280      -0.332248590242447     
   2.40399996439616        4.80799992879232      -0.313598309280139     
   2.40399996439616        5.10849992434184      -0.292328845816053     
   2.40399996439616        5.40899991989136      -0.269559852986744     
   2.40399996439616        5.70949991544088      -0.246360367312127     
   2.40399996439616        6.00999991099040      -0.223850952745923     
   2.40399996439616        6.31049990653992      -0.203155044368463     
   2.40399996439616        6.61099990208944      -0.185144943094308     
   2.40399996439616        6.91149989763896      -0.169938237176316     
   2.40399996439616        7.21199989318848      -0.156318835294068     
   2.70449995994568       0.000000000000000E+000 -0.164116960465754     
   2.70449995994568       0.300499995549520      -0.176577642488371     
   2.70449995994568       0.600999991099040      -0.191171859557048     
   2.70449995994568       0.901499986648560      -0.210441053479685     
   2.70449995994568        1.20199998219808      -0.233486090066633     
   2.70449995994568        1.50249997774760      -0.258687986407665     
   2.70449995994568        1.80299997329712      -0.284452662651481     
   2.70449995994568        2.10349996884664      -0.309371782113989     
   2.70449995994568        2.40399996439616      -0.332239103558180     
   2.70449995994568        2.70449995994568      -0.351939484146226     
   2.70449995994568        3.00499995549520      -0.367324267099764     
   2.70449995994568        3.30549995104472      -0.377206543312112     
   2.70449995994568        3.60599994659424      -0.380624413350026     
   2.70449995994568        3.90649994214376      -0.377209536882379     
   2.70449995994568        4.20699993769328      -0.367330693827796     
   2.70449995994568        4.50749993324280      -0.351949872955729     
   2.70449995994568        4.80799992879232      -0.332253231674594     
   2.70449995994568        5.10849992434184      -0.309388339613037     
   2.70449995994568        5.40899991989136      -0.284469102900379     
   2.70449995994568        5.70949991544088      -0.258700823320412     
   2.70449995994568        6.00999991099040      -0.233490967189043     
   2.70449995994568        6.31049990653992      -0.210432578381214     
   2.70449995994568        6.61099990208944      -0.191147342399945     
   2.70449995994568        6.91149989763896      -0.176544677101998     
   2.70449995994568        7.21199989318848      -0.164089197362819     
   3.00499995549520       0.000000000000000E+000 -0.171029918756161     
   3.00499995549520       0.300499995549520      -0.180755245150409     
   3.00499995549520       0.600999991099040      -0.193941185814467     
   3.00499995549520       0.901499986648560      -0.214998962253237     
   3.00499995549520        1.20199998219808      -0.240805156048074     
   3.00499995549520        1.50249997774760      -0.268509012496005     
   3.00499995549520        1.80299997329712      -0.296422865345226     
   3.00499995549520        2.10349996884664      -0.323014852592019     
   3.00499995549520        2.40399996439616      -0.347007414992356     
   3.00499995549520        2.70449995994568      -0.367328121329661     
   3.00499995549520        3.00499995549520      -0.383021020049159     
   3.00499995549520        3.30549995104472      -0.393109702094431     
   3.00499995549520        3.60599994659424      -0.396625037769110     
   3.00499995549520        3.90649994214376      -0.393111644979290     
   3.00499995549520        4.20699993769328      -0.383025175878351     
   3.00499995549520        4.50749993324280      -0.367334630732247     
   3.00499995549520        4.80799992879232      -0.347015921013133     
   3.00499995549520        5.10849992434184      -0.323024353975819     
   3.00499995549520        5.40899991989136      -0.296431417860117     
   3.00499995549520        5.70949991544088      -0.268513788386921     
   3.00499995549520        6.00999991099040      -0.240801379911968     
   3.00499995549520        6.31049990653992      -0.214979189488523     
   3.00499995549520        6.61099990208944      -0.193902731849596     
   3.00499995549520        6.91149989763896      -0.180707929887322     
   3.00499995549520        7.21199989318848      -0.170996450983928     
   3.30549995104472       0.000000000000000E+000 -0.173035703844944     
   3.30549995104472       0.300499995549520      -0.179695570166112     
   3.30549995104472       0.600999991099040      -0.192285722957596     
   3.30549995104472       0.901499986648560      -0.216264861670463     
   3.30549995104472        1.20199998219808      -0.245058354953223     
   3.30549995104472        1.50249997774760      -0.274802087858749     
   3.30549995104472        1.80299997329712      -0.304213500632581     
   3.30549995104472        2.10349996884664      -0.331886278982914     
   3.30549995104472        2.40399996439616      -0.356551150258985     
   3.30549995104472        2.70449995994568      -0.377212891850793     
   3.30549995104472        3.00499995549520      -0.393112126145876     
   3.30549995104472        3.30549995104472      -0.403447910711531     
   3.30549995104472        3.60599994659424      -0.407114794955086     
   3.30549995104472        3.90649994214376      -0.403448913333554     
   3.30549995104472        4.20699993769328      -0.393114154759275     
   3.30549995104472        4.50749993324280      -0.377215974457882     
   3.30549995104472        4.80799992879232      -0.356555162027805     
   3.30549995104472        5.10849992434184      -0.331890583856291     
   3.30549995104472        5.40899991989136      -0.304217157832560     
   3.30549995104472        5.70949991544088      -0.274803394341282     
   3.30549995104472        6.00999991099040      -0.245053796099350     
   3.30549995104472        6.31049990653992      -0.216248982525800     
   3.30549995104472        6.61099990208944      -0.192254941802273     
   3.30549995104472        6.91149989763896      -0.179657305486097     
   3.30549995104472        7.21199989318848      -0.173017821619774     
   3.60599994659424       0.000000000000000E+000 -0.171775986814858     
   3.60599994659424       0.300499995549520      -0.177065121157640     
   3.60599994659424       0.600999991099040      -0.190238433553079     
   3.60599994659424       0.901499986648560      -0.216135321650805     
   3.60599994659424        1.20199998219808      -0.246367909130635     
   3.60599994659424        1.50249997774760      -0.276959238909277     
   3.60599994659424        1.80299997329712      -0.306920186968386     
   3.60599994659424        2.10349996884664      -0.334967986388268     
   3.60599994659424        2.40399996439616      -0.359855096023487     
   3.60599994659424        2.70449995994568      -0.380631615246539     
   3.60599994659424        3.00499995549520      -0.396628278640927     
   3.60599994659424        3.30549995104472      -0.407115603245762     
   3.60599994659424        3.60599994659424      -0.410882558064123     
   3.60599994659424        3.90649994214376      -0.407115567702506     
   3.60599994659424        4.20699993769328      -0.396628310839462     
   3.60599994659424        4.50749993324280      -0.380631675016334     
   3.60599994659424        4.80799992879232      -0.359855352294083     
   3.60599994659424        5.10849992434184      -0.334968530260796     
   3.60599994659424        5.40899991989136      -0.306921124835724     
   3.60599994659424        5.70949991544088      -0.276960698678100     
   3.60599994659424        6.00999991099040      -0.246370029570994     
   3.60599994659424        6.31049990653992      -0.216138254602167     
   3.60599994659424        6.61099990208944      -0.190242078925607     
   3.60599994659424        6.91149989763896      -0.177069129937292     
   3.60599994659424        7.21199989318848      -0.171781377703098     
   3.90649994214376       0.000000000000000E+000 -0.173012692435498     
   3.90649994214376       0.300499995549520      -0.179653174712672     
   3.90649994214376       0.600999991099040      -0.192251210790087     
   3.90649994214376       0.901499986648560      -0.216246021779027     
   3.90649994214376        1.20199998219808      -0.245051688814698     
   3.90649994214376        1.50249997774760      -0.274801931354147     
   3.90649994214376        1.80299997329712      -0.304216234070970     
   3.90649994214376        2.10349996884664      -0.331890043659545     
   3.90649994214376        2.40399996439616      -0.356554916759844     
   3.90649994214376        2.70449995994568      -0.377215894354955     
   3.90649994214376        3.00499995549520      -0.393114088533199     
   3.90649994214376        3.30549995104472      -0.403448938259844     
   3.90649994214376        3.60599994659424      -0.407114785977895     
   3.90649994214376        3.90649994214376      -0.403448042798201     
   3.90649994214376        4.20699993769328      -0.393112216268810     
   3.90649994214376        4.50749993324280      -0.377213036758312     
   3.90649994214376        4.80799992879232      -0.356551487138922     
   3.90649994214376        5.10849992434184      -0.331886835078744     
   3.90649994214376        5.40899991989136      -0.304214381791675     
   3.90649994214376        5.70949991544088      -0.274803438555741     
   3.90649994214376        6.00999991099040      -0.245060228720802     
   3.90649994214376        6.31049990653992      -0.216267387587874     
   3.90649994214376        6.61099990208944      -0.192288760218913     
   3.90649994214376        6.91149989763896      -0.179699003033642     
   3.90649994214376        7.21199989318848      -0.173040309780820     
   4.20699993769328       0.000000000000000E+000 -0.170992160669785     
   4.20699993769328       0.300499995549520      -0.180704359056880     
   4.20699993769328       0.600999991099040      -0.193899579974809     
   4.20699993769328       0.901499986648560      -0.214976613118767     
   4.20699993769328        1.20199998219808      -0.240799486197303     
   4.20699993769328        1.50249997774760      -0.268512449402675     
   4.20699993769328        1.80299997329712      -0.296430565366150     
   4.20699993769328        2.10349996884664      -0.323023892529545     
   4.20699993769328        2.40399996439616      -0.347015711417992     
   4.20699993769328        2.70449995994568      -0.367334564478419     
   4.20699993769328        3.00499995549520      -0.383025212859461     
   4.20699993769328        3.30549995104472      -0.393111778893340     
   4.20699993769328        3.60599994659424      -0.396625121806720     
   4.20699993769328        3.90649994214376      -0.393109821311538     
   4.20699993769328        4.20699993769328      -0.383021136027128     
   4.20699993769328        4.50749993324280      -0.367328309243005     
   4.20699993769328        4.80799992879232      -0.347007704806954     
   4.20699993769328        5.10849992434184      -0.323015386331326     
   4.20699993769328        5.40899991989136      -0.296423662009751     
   4.20699993769328        5.70949991544088      -0.268510179703302     
   4.20699993769328        6.00999991099040      -0.240806720166031     
   4.20699993769328        6.31049990653992      -0.215000982345506     
   4.20699993769328        6.61099990208944      -0.193943636319950     
   4.20699993769328        6.91149989763896      -0.180758214345417     
   4.20699993769328        7.21199989318848      -0.171033890264323     
   4.50749993324280       0.000000000000000E+000 -0.164085844925694     
   4.50749993324280       0.300499995549520      -0.176541839297228     
   4.50749993324280       0.600999991099040      -0.191144866346579     
   4.50749993324280       0.901499986648560      -0.210430529763532     
   4.50749993324280        1.20199998219808      -0.233489398738029     
   4.50749993324280        1.50249997774760      -0.258699700732526     
   4.50749993324280        1.80299997329712      -0.284468372511949     
   4.50749993324280        2.10349996884664      -0.309387935136881     
   4.50749993324280        2.40399996439616      -0.332253074759304     
   4.50749993324280        2.70449995994568      -0.351949891067212     
   4.50749993324280        3.00499995549520      -0.367330823617624     
   4.50749993324280        3.30549995104472      -0.377209690178257     
   4.50749993324280        3.60599994659424      -0.380624543540948     
   4.50749993324280        3.90649994214376      -0.377206745088534     
   4.50749993324280        4.20699993769328      -0.367324487573912     
   4.50749993324280        4.50749993324280      -0.351939784561944     
   4.50749993324280        4.80799992879232      -0.332239502515087     
   4.50749993324280        5.10849992434184      -0.309372272965704     
   4.50749993324280        5.40899991989136      -0.284453386471060     
   4.50749993324280        5.70949991544088      -0.258688952864893     
   4.50749993324280        6.00999991099040      -0.233487374167958     
   4.50749993324280        6.31049990653992      -0.210442703866774     
   4.50749993324280        6.61099990208944      -0.191173883914485     
   4.50749993324280        6.91149989763896      -0.176580172533775     
   4.50749993324280        7.21199989318848      -0.164120175357702     
   4.80799992879232       0.000000000000000E+000 -0.156316511573635     
   4.80799992879232       0.300499995549520      -0.169936175260526     
   4.80799992879232       0.600999991099040      -0.185143120694863     
   4.80799992879232       0.901499986648560      -0.203153505809893     
   4.80799992879232        1.20199998219808      -0.223849730747323     
   4.80799992879232        1.50249997774760      -0.246359486847575     
   4.80799992879232        1.80299997329712      -0.269559303887828     
   4.80799992879232        2.10349996884664      -0.292328581573210     
   4.80799992879232        2.40399996439616      -0.313598272556227     
   4.80799992879232        2.70449995994568      -0.332248731688142     
   4.80799992879232        3.00499995549520      -0.347007478774583     
   4.80799992879232        3.30549995104472      -0.356544085900311     
   4.80799992879232        3.60599994659424      -0.359843362790898     
   4.80799992879232        3.90649994214376      -0.356540421901832     
   4.80799992879232        4.20699993769328      -0.346999281871316     
   4.80799992879232        4.50749993324280      -0.332235028664049     
   4.80799992879232        4.80799992879232      -0.313578869655132     
   4.80799992879232        5.10849992434184      -0.292304943499516     
   4.80799992879232        5.40899991989136      -0.269534377164761     
   4.80799992879232        5.70949991544088      -0.246337221231552     
   4.80799992879232        6.00999991099040      -0.223834248581108     
   4.80799992879232        6.31049990653992      -0.203148301814425     
   4.80799992879232        6.61099990208944      -0.185149778918755     
   4.80799992879232        6.91149989763896      -0.169952184216280     
   4.80799992879232        7.21199989318848      -0.156335215258703     
   5.10849992434184       0.000000000000000E+000 -0.149709803102016     
   5.10849992434184       0.300499995549520      -0.163282634708998     
   5.10849992434184       0.600999991099040      -0.178100532809164     
   5.10849992434184       0.901499986648560      -0.194664499109048     
   5.10849992434184        1.20199998219808      -0.212961635774221     
   5.10849992434184        1.50249997774760      -0.232605064344763     
   5.10849992434184        1.80299997329712      -0.252934882915176     
   5.10849992434184        2.10349996884664      -0.273146486929429     
   5.10849992434184        2.40399996439616      -0.292324840725037     
   5.10849992434184        2.70449995994568      -0.309379813136596     
   5.10849992434184        3.00499995549520      -0.323011731198251     
   5.10849992434184        3.30549995104472      -0.331875157519738     
   5.10849992434184        3.60599994659424      -0.334952124081243     
   5.10849992434184        3.90649994214376      -0.331871442827748     
   5.10849992434184        4.20699993769328      -0.323002824572677     
   5.10849992434184        4.50749993324280      -0.309363824630514     
   5.10849992434184        4.80799992879232      -0.292301027218512     
   5.10849992434184        5.10849992434184      -0.273115879198177     
   5.10849992434184        5.40899991989136      -0.252900468348917     
   5.10849992434184        5.70949991544088      -0.232570877310746     
   5.10849992434184        6.00999991099040      -0.212931742008862     
   5.10849992434184        6.31049990653992      -0.194642203248123     
   5.10849992434184        6.61099990208944      -0.178087807867059     
   5.10849992434184        6.91149989763896      -0.163279744410781     
   5.10849992434184        7.21199989318848      -0.149714340135408     
   5.40899991989136       0.000000000000000E+000 -0.144797314960057     
   5.40899991989136       0.300499995549520      -0.157593618801426     
   5.40899991989136       0.600999991099040      -0.171260917511713     
   5.40899991989136       0.901499986648560      -0.186030128776740     
   5.40899991989136        1.20199998219808      -0.201825630937957     
   5.40899991989136        1.50249997774760      -0.218418358448132     
   5.40899991989136        1.80299997329712      -0.235625931279856     
   5.40899991989136        2.10349996884664      -0.252932708943900     
   5.40899991989136        2.40399996439616      -0.269553523780080     
   5.40899991989136        2.70449995994568      -0.284458362498842     
   5.40899991989136        3.00499995549520      -0.296416634943103     
   5.40899991989136        3.30549995104472      -0.304199585092554     
   5.40899991989136        3.60599994659424      -0.306902580805812     
   5.40899991989136        3.90649994214376      -0.304196867406605     
   5.40899991989136        4.20699993769328      -0.296408982257777     
   5.40899991989136        4.50749993324280      -0.284442773903252     
   5.40899991989136        4.80799992879232      -0.269528182572372     
   5.40899991989136        5.10849992434184      -0.252898066023918     
   5.40899991989136        5.40899991989136      -0.235584531316909     
   5.40899991989136        5.70949991544088      -0.218373861039665     
   5.40899991989136        6.00999991099040      -0.201782094646537     
   5.40899991989136        6.31049990653992      -0.185993041303553     
   5.40899991989136        6.61099990208944      -0.171234332589247     
   5.40899991989136        6.91149989763896      -0.157578736663590     
   5.40899991989136        7.21199989318848      -0.144792929495833     
   5.70949991544088       0.000000000000000E+000 -0.141380236847677     
   5.70949991544088       0.300499995549520      -0.152996382016618     
   5.70949991544088       0.600999991099040      -0.164940060747396     
   5.70949991544088       0.901499986648560      -0.177574665068994     
   5.70949991544088        1.20199998219808      -0.190838207377602     
   5.70949991544088        1.50249997774760      -0.204480857678872     
   5.70949991544088        1.80299997329712      -0.218417875911038     
   5.70949991544088        2.10349996884664      -0.232602685396956     
   5.70949991544088        2.40399996439616      -0.246354017908714     
   5.70949991544088        2.70449995994568      -0.258690637373579     
   5.70949991544088        3.00499995549520      -0.268500160862692     
   5.70949991544088        3.30549995104472      -0.274787473239515     
   5.70949991544088        3.60599994659424      -0.276944014139566     
   5.70949991544088        3.90649994214376      -0.274787598233130     
   5.70949991544088        4.20699993769328      -0.268496691242970     
   5.70949991544088        4.50749993324280      -0.258678932399889     
   5.70949991544088        4.80799992879232      -0.246331035744773     
   5.70949991544088        5.10849992434184      -0.232568018448988     
   5.70949991544088        5.40899991989136      -0.218373154742143     
   5.70949991544088        5.70949991544088      -0.204429199280628     
   5.70949991544088        6.00999991099040      -0.190786358473981     
   5.70949991544088        6.31049990653992      -0.177529356441015     
   5.70949991544088        6.61099990208944      -0.164905728614129     
   5.70949991544088        6.91149989763896      -0.152974551159468     
   5.70949991544088        7.21199989318848      -0.141369984001146     
   6.00999991099040       0.000000000000000E+000 -0.139318705088295     
   6.00999991099040       0.300499995549520      -0.149217622803546     
   6.00999991099040       0.600999991099040      -0.158822648821391     
   6.00999991099040       0.901499986648560      -0.169127719674837     
   6.00999991099040        1.20199998219808      -0.179916984653529     
   6.00999991099040        1.50249997774760      -0.190838899233467     
   6.00999991099040        1.80299997329712      -0.201826119076814     
   6.00999991099040        2.10349996884664      -0.212960782953636     
   6.00999991099040        2.40399996439616      -0.223846785962077     
   6.00999991099040        2.70449995994568      -0.233484219341500     
   6.00999991099040        3.00499995549520      -0.240792712825036     
   6.00999991099040        3.30549995104472      -0.245044312153460     
   6.00999991099040        3.60599994659424      -0.246360431309478     
   6.00999991099040        3.90649994214376      -0.245050851606717     
   6.00999991099040        4.20699993769328      -0.240798224850124     
   6.00999991099040        4.50749993324280      -0.233480815701249     
   6.00999991099040        4.80799992879232      -0.223830255237846     
   6.00999991099040        5.10849992434184      -0.212930160572728     
   6.00999991099040        5.40899991989136      -0.201782148978657     
   6.00999991099040        5.70949991544088      -0.190786858885778     
   6.00999991099040        6.00999991099040      -0.179864472120093     
   6.00999991099040        6.31049990653992      -0.169081311531359     
   6.00999991099040        6.61099990208944      -0.158786414174810     
   6.00999991099040        6.91149989763896      -0.149192781238953     
   6.00999991099040        7.21199989318848      -0.139304576467750     
   6.31049990653992       0.000000000000000E+000 -0.138374700829187     
   6.31049990653992       0.300499995549520      -0.145432595012991     
   6.31049990653992       0.600999991099040      -0.152177297825375     
   6.31049990653992       0.901499986648560      -0.160498179046056     
   6.31049990653992        1.20199998219808      -0.169128681783989     
   6.31049990653992        1.50249997774760      -0.177576474772959     
   6.31049990653992        1.80299997329712      -0.186032221458867     
   6.31049990653992        2.10349996884664      -0.194666106689310     
   6.31049990653992        2.40399996439616      -0.203154368212999     
   6.31049990653992        2.70449995994568      -0.210431245815763     
   6.31049990653992        3.00499995549520      -0.214978548438828     
   6.31049990653992        3.30549995104472      -0.216250031240467     
   6.31049990653992        3.60599994659424      -0.216140308500853     
   6.31049990653992        3.90649994214376      -0.216268583825306     
   6.31049990653992        4.20699993769328      -0.215000561690508     
   6.31049990653992        4.50749993324280      -0.210441582964124     
   6.31049990653992        4.80799992879232      -0.203147796305640     
   6.31049990653992        5.10849992434184      -0.194642855853072     
   6.31049990653992        5.40899991989136      -0.185994543141605     
   6.31049990653992        5.70949991544088      -0.177530864950019     
   6.31049990653992        6.00999991099040      -0.169082182580065     
   6.31049990653992        6.31049990653992      -0.160456482299050     
   6.31049990653992        6.61099990208944      -0.152143099047154     
   6.31049990653992        6.91149989763896      -0.145406324428463     
   6.31049990653992        7.21199989318848      -0.138357150457610     
   6.61099990208944       0.000000000000000E+000 -0.137573177232951     
   6.61099990208944       0.300499995549520      -0.139873763386889     
   6.61099990208944       0.600999991099040      -0.144729946983942     
   6.61099990208944       0.901499986648560      -0.152177941799603     
   6.61099990208944        1.20199998219808      -0.158824283364115     
   6.61099990208944        1.50249997774760      -0.164942735858419     
   6.61099990208944        1.80299997329712      -0.171264375314929     
   6.61099990208944        2.10349996884664      -0.178104460403928     
   6.61099990208944        2.40399996439616      -0.185147671861268     
   6.61099990208944        2.70449995994568      -0.191151325297306     
   6.61099990208944        3.00499995549520      -0.193909708110938     
   6.61099990208944        3.30549995104472      -0.192266150145737     
   6.61099990208944        3.60599994659424      -0.190255590932661     
   6.61099990208944        3.90649994214376      -0.192300160810737     
   6.61099990208944        4.20699993769328      -0.193950888970152     
   6.61099990208944        4.50749993324280      -0.191178113354543     
   6.61099990208944        4.80799992879232      -0.185152678001410     
   6.61099990208944        5.10849992434184      -0.178090612602476     
   6.61099990208944        5.40899991989136      -0.171237115775641     
   6.61099990208944        5.70949991544088      -0.164908083585453     
   6.61099990208944        6.00999991099040      -0.158787990472117     
   6.61099990208944        6.31049990653992      -0.152143800173339     
   6.61099990208944        6.61099990208944      -0.144697918820666     
   6.61099990208944        6.91149989763896      -0.139843822786734     
   6.61099990208944        7.21199989318848      -0.137551745011015     
   6.91149989763896       0.000000000000000E+000 -0.133396013737570     
   6.91149989763896       0.300499995549520      -0.133309616756466     
   6.91149989763896       0.600999991099040      -0.139873980642748     
   6.91149989763896       0.901499986648560      -0.145433445232235     
   6.91149989763896        1.20199998219808      -0.149219384562290     
   6.91149989763896        1.50249997774760      -0.152999254678613     
   6.91149989763896        1.80299997329712      -0.157597656813136     
   6.91149989763896        2.10349996884664      -0.163287842377654     
   6.91149989763896        2.40399996439616      -0.169942957148674     
   6.91149989763896        2.70449995994568      -0.176551297018149     
   6.91149989763896        3.00499995549520      -0.180717932653341     
   6.91149989763896        3.30549995104472      -0.179671644888117     
   6.91149989763896        3.60599994659424      -0.177085703079289     
   6.91149989763896        3.90649994214376      -0.179713562709914     
   6.91149989763896        4.20699993769328      -0.180768532404598     
   6.91149989763896        4.50749993324280      -0.176587072981242     
   6.91149989763896        4.80799992879232      -0.169957088445115     
   6.91149989763896        5.10849992434184      -0.163283740888991     
   6.91149989763896        5.40899991989136      -0.157582150302137     
   6.91149989763896        5.70949991544088      -0.152977256324832     
   6.91149989763896        6.00999991099040      -0.149194657081748     
   6.91149989763896        6.31049990653992      -0.145407416130504     
   6.91149989763896        6.61099990208944      -0.139844325123448     
   6.91149989763896        6.91149989763896      -0.133279845935686     
   6.91149989763896        7.21199989318848      -0.133379080693445     
   7.21199989318848       0.000000000000000E+000 -0.125240031575293     
   7.21199989318848       0.300499995549520      -0.133396615921815     
   7.21199989318848       0.600999991099040      -0.137574122564535     
   7.21199989318848       0.901499986648560      -0.138375551322490     
   7.21199989318848        1.20199998219808      -0.139320093971384     
   7.21199989318848        1.50249997774760      -0.141382664011206     
   7.21199989318848        1.80299997329712      -0.144801057754731     
   7.21199989318848        2.10349996884664      -0.149715045667348     
   7.21199989318848        2.40399996439616      -0.156323596908600     
   7.21199989318848        2.70449995994568      -0.164095335501479     
   7.21199989318848        3.00499995549520      -0.171004760316803     
   7.21199989318848        3.30549995104472      -0.173028663895673     
   7.21199989318848        3.60599994659424      -0.171792936381549     
   7.21199989318848        3.90649994214376      -0.173051340560053     
   7.21199989318848        4.20699993769328      -0.171042516404961     
   7.21199989318848        4.50749993324280      -0.164126619579851     
   7.21199989318848        4.80799992879232      -0.156340191155490     
   7.21199989318848        5.10849992434184      -0.149718403615449     
   7.21199989318848        5.40899991989136      -0.144796296780504     
   7.21199989318848        5.70949991544088      -0.141372630259831     
   7.21199989318848        6.00999991099040      -0.139306497779488     
   7.21199989318848        6.31049990653992      -0.138358566300561     
   7.21199989318848        6.61099990208944      -0.137553077347792     
   7.21199989318848        6.91149989763896      -0.133380084016477     
   7.21199989318848        7.21199989318848      -0.125231476011785     
