  0.000000000000000E+000  0.000000000000000E+000  -1.93765774538118     
  0.000000000000000E+000  0.300499995549520       -1.93260272048979     
  0.000000000000000E+000  0.600999991099040       -1.62922895858079     
  0.000000000000000E+000  0.901499986648560       -1.23490992003886     
  0.000000000000000E+000   1.20199998219808      -0.921430341956198     
  0.000000000000000E+000   1.50249997774760      -0.697463661854235     
  0.000000000000000E+000   1.80299997329712      -0.541063828072336     
  0.000000000000000E+000   2.10349996884664      -0.432999081155457     
  0.000000000000000E+000   2.40399996439616      -0.357811680726547     
  0.000000000000000E+000   2.70449995994568      -0.305664445968564     
  0.000000000000000E+000   3.00499995549520      -0.268897875892915     
  0.000000000000000E+000   3.30549995104472      -0.237820357609752     
  0.000000000000000E+000   3.60599994659424      -0.212450879726918     
  0.000000000000000E+000   3.90649994214376      -0.184525467014239     
  0.000000000000000E+000   4.20699993769328      -0.162768129432590     
  0.000000000000000E+000   4.50749993324280      -0.146885401915992     
  0.000000000000000E+000   4.80799992879232      -0.133669114674117     
  0.000000000000000E+000   5.10849992434184      -0.121737997844275     
  0.000000000000000E+000   5.40899991989136      -0.110429834640703     
  0.000000000000000E+000   5.70949991544088      -9.898725769331364E-002
  0.000000000000000E+000   6.00999991099040      -8.700644737846745E-002
  0.000000000000000E+000   6.31049990653992      -7.441391329267764E-002
  0.000000000000000E+000   6.61099990208944      -6.225488841900019E-002
  0.000000000000000E+000   6.91149989763896      -5.527706028206958E-002
  0.000000000000000E+000   7.21199989318848      -5.368761737107457E-002
  0.300499995549520       0.000000000000000E+000  -1.93259645513654     
  0.300499995549520       0.300499995549520       -1.74442736310354     
  0.300499995549520       0.600999991099040       -1.46502506211526     
  0.300499995549520       0.901499986648560       -1.14859947747481     
  0.300499995549520        1.20199998219808      -0.878249684005349     
  0.300499995549520        1.50249997774760      -0.675022958491352     
  0.300499995549520        1.80299997329712      -0.528999873063948     
  0.300499995549520        2.10349996884664      -0.426337849121865     
  0.300499995549520        2.40399996439616      -0.354041481838810     
  0.300499995549520        2.70449995994568      -0.303133998222246     
  0.300499995549520        3.00499995549520      -0.267103394319630     
  0.300499995549520        3.30549995104472      -0.237202112468769     
  0.300499995549520        3.60599994659424      -0.209130530169647     
  0.300499995549520        3.90649994214376      -0.183285188991421     
  0.300499995549520        4.20699993769328      -0.162388542042152     
  0.300499995549520        4.50749993324280      -0.146516637329705     
  0.300499995549520        4.80799992879232      -0.133285723994487     
  0.300499995549520        5.10849992434184      -0.121450716597035     
  0.300499995549520        5.40899991989136      -0.110316417021150     
  0.300499995549520        5.70949991544088      -9.918927004311413E-002
  0.300499995549520        6.00999991099040      -8.787060342081440E-002
  0.300499995549520        6.31049990653992      -7.669216476015786E-002
  0.300499995549520        6.61099990208944      -6.707073939955885E-002
  0.300499995549520        6.91149989763896      -5.986458382915701E-002
  0.300499995549520        7.21199989318848      -4.942425323143634E-002
  0.600999991099040       0.000000000000000E+000  -1.62922295728891     
  0.600999991099040       0.300499995549520       -1.46502213185268     
  0.600999991099040       0.600999991099040       -1.20819664652381     
  0.600999991099040       0.901499986648560      -0.978054350597733     
  0.600999991099040        1.20199998219808      -0.779314063747929     
  0.600999991099040        1.50249997774760      -0.619268713006150     
  0.600999991099040        1.80299997329712      -0.497359995911173     
  0.600999991099040        2.10349996884664      -0.407965794894991     
  0.600999991099040        2.40399996439616      -0.343097922543162     
  0.600999991099040        2.70449995994568      -0.295621362931482     
  0.600999991099040        3.00499995549520      -0.261160389154187     
  0.600999991099040        3.30549995104472      -0.232831674573732     
  0.600999991099040        3.60599994659424      -0.206061173228195     
  0.600999991099040        3.90649994214376      -0.181435821303891     
  0.600999991099040        4.20699993769328      -0.161257994760243     
  0.600999991099040        4.50749993324280      -0.145403314331461     
  0.600999991099040        4.80799992879232      -0.132173554830379     
  0.600999991099040        5.10849992434184      -0.120558161526632     
  0.600999991099040        5.40899991989136      -0.109794648966188     
  0.600999991099040        5.70949991544088      -9.934653729218633E-002
  0.600999991099040        6.00999991099040      -8.920968780554270E-002
  0.600999991099040        6.31049990653992      -7.973671398782142E-002
  0.600999991099040        6.61099990208944      -7.095702738207608E-002
  0.600999991099040        6.91149989763896      -6.039243915350010E-002
  0.600999991099040        7.21199989318848      -4.951240140607732E-002
  0.901499986648560       0.000000000000000E+000  -1.23490839670029     
  0.901499986648560       0.300499995549520       -1.14859880533233     
  0.901499986648560       0.600999991099040      -0.978054582224794     
  0.901499986648560       0.901499986648560      -0.812739159022805     
  0.901499986648560        1.20199998219808      -0.669834427188614     
  0.901499986648560        1.50249997774760      -0.550575034198773     
  0.901499986648560        1.80299997329712      -0.455154013821690     
  0.901499986648560        2.10349996884664      -0.381823586615947     
  0.901499986648560        2.40399996439616      -0.326085553467553     
  0.901499986648560        2.70449995994568      -0.283778060769940     
  0.901499986648560        3.00499995549520      -0.251531006256640     
  0.901499986648560        3.30549995104472      -0.224842464593259     
  0.901499986648560        3.60599994659424      -0.200357856711329     
  0.901499986648560        3.90649994214376      -0.177974700763483     
  0.901499986648560        4.20699993769328      -0.158993584901663     
  0.901499986648560        4.50749993324280      -0.143508380544927     
  0.901499986648560        4.80799992879232      -0.130455107849282     
  0.901499986648560        5.10849992434184      -0.119078430047425     
  0.901499986648560        5.40899991989136      -0.108744641000816     
  0.901499986648560        5.70949991544088      -9.892847701929657E-002
  0.901499986648560        6.00999991099040      -8.961973860687944E-002
  0.901499986648560        6.31049990653992      -8.083680845626975E-002
  0.901499986648560        6.61099990208944      -7.204037004427613E-002
  0.901499986648560        6.91149989763896      -6.235880509513544E-002
  0.901499986648560        7.21199989318848      -5.424397584283555E-002
   1.20199998219808       0.000000000000000E+000 -0.921432292779384     
   1.20199998219808       0.300499995549520      -0.878251572044347     
   1.20199998219808       0.600999991099040      -0.779315595034333     
   1.20199998219808       0.901499986648560      -0.669835223864320     
   1.20199998219808        1.20199998219808      -0.569373854369401     
   1.20199998219808        1.50249997774760      -0.482442862855858     
   1.20199998219808        1.80299997329712      -0.410084609670444     
   1.20199998219808        2.10349996884664      -0.351776709398490     
   1.20199998219808        2.40399996439616      -0.305430953846970     
   1.20199998219808        2.70449995994568      -0.268884380195062     
   1.20199998219808        3.00499995549520      -0.239632124422760     
   1.20199998219808        3.30549995104472      -0.215027316066848     
   1.20199998219808        3.60599994659424      -0.192929635565128     
   1.20199998219808        3.90649994214376      -0.172928125654737     
   1.20199998219808        4.20699993769328      -0.155538833325670     
   1.20199998219808        4.50749993324280      -0.140764323351431     
   1.20199998219808        4.80799992879232      -0.128137011849651     
   1.20199998219808        5.10849992434184      -0.117103725014668     
   1.20199998219808        5.40899991989136      -0.107149983000417     
   1.20199998219808        5.70949991544088      -9.782648879852453E-002
   1.20199998219808        6.00999991099040      -8.903857358630637E-002
   1.20199998219808        6.31049990653992      -8.071496553867352E-002
   1.20199998219808        6.61099990208944      -7.256042977786967E-002
   1.20199998219808        6.91149989763896      -6.456726919612257E-002
   1.20199998219808        7.21199989318848      -5.798725756922304E-002
   1.50249997774760       0.000000000000000E+000 -0.697467487503541     
   1.50249997774760       0.300499995549520      -0.675026377443241     
   1.50249997774760       0.600999991099040      -0.619271237691308     
   1.50249997774760       0.901499986648560      -0.550576473765254     
   1.50249997774760        1.20199998219808      -0.482443384404850     
   1.50249997774760        1.50249997774760      -0.420459234951671     
   1.50249997774760        1.80299997329712      -0.366581698768490     
   1.50249997774760        2.10349996884664      -0.321057583113962     
   1.50249997774760        2.40399996439616      -0.283476582897609     
   1.50249997774760        2.70449995994568      -0.252657066449956     
   1.50249997774760        3.00499995549520      -0.226953608146980     
   1.50249997774760        3.30549995104472      -0.204732757488306     
   1.50249997774760        3.60599994659424      -0.184853137999337     
   1.50249997774760        3.90649994214376      -0.166934975171371     
   1.50249997774760        4.20699993769328      -0.151065054545479     
   1.50249997774760        4.50749993324280      -0.137260610563203     
   1.50249997774760        4.80799992879232      -0.125274535932204     
   1.50249997774760        5.10849992434184      -0.114693249286210     
   1.50249997774760        5.40899991989136      -0.105102347233453     
   1.50249997774760        5.70949991544088      -9.620007344588187E-002
   1.50249997774760        6.00999991099040      -8.784031181579877E-002
   1.50249997774760        6.31049990653992      -8.000406759916179E-002
   1.50249997774760        6.61099990208944      -7.261341253147166E-002
   1.50249997774760        6.91149989763896      -6.576492154142349E-002
   1.50249997774760        7.21199989318848      -5.992416558347688E-002
   1.80299997329712       0.000000000000000E+000 -0.541068377922435     
   1.80299997329712       0.300499995549520      -0.529003920016231     
   1.80299997329712       0.600999991099040      -0.497362949522417     
   1.80299997329712       0.901499986648560      -0.455155706810471     
   1.80299997329712        1.20199998219808      -0.410085268874723     
   1.80299997329712        1.50249997774760      -0.366581783463346     
   1.80299997329712        1.80299997329712      -0.326772596835658     
   1.80299997329712        2.10349996884664      -0.291805530937938     
   1.80299997329712        2.40399996439616      -0.261830682392201     
   1.80299997329712        2.70449995994568      -0.236242713762186     
   1.80299997329712        3.00499995549520      -0.214068194713318     
   1.80299997329712        3.30549995104472      -0.194370123353601     
   1.80299997329712        3.60599994659424      -0.176545239635164     
   1.80299997329712        3.90649994214376      -0.160396400660812     
   1.80299997329712        4.20699993769328      -0.145951923749187     
   1.80299997329712        4.50749993324280      -0.133199560968704     
   1.80299997329712        4.80799992879232      -0.121952917032215     
   1.80299997329712        5.10849992434184      -0.111896955240284     
   1.80299997329712        5.40899991989136      -0.102717169664959     
   1.80299997329712        5.70949991544088      -9.420108103049107E-002
   1.80299997329712        6.00999991099040      -8.625400479624433E-002
   1.80299997329712        6.31049990653992      -7.886615558831324E-002
   1.80299997329712        6.61099990208944      -7.205041615212646E-002
   1.80299997329712        6.91149989763896      -6.585491570836731E-002
   1.80299997329712        7.21199989318848      -6.042180309366287E-002
   2.10349996884664       0.000000000000000E+000 -0.433003688815206     
   2.10349996884664       0.300499995549520      -0.426341933089075     
   2.10349996884664       0.600999991099040      -0.407968711811562     
   2.10349996884664       0.901499986648560      -0.381825133745647     
   2.10349996884664        1.20199998219808      -0.351777171790285     
   2.10349996884664        1.50249997774760      -0.321057475380186     
   2.10349996884664        1.80299997329712      -0.291805339562400     
   2.10349996884664        2.10349996884664      -0.265140244461528     
   2.10349996884664        2.40399996439616      -0.241361143821598     
   2.10349996884664        2.70449995994568      -0.220214501192133     
   2.10349996884664        3.00499995549520      -0.201206724948961     
   2.10349996884664        3.30549995104472      -0.183884489477164     
   2.10349996884664        3.60599994659424      -0.167996475654497     
   2.10349996884664        3.90649994214376      -0.153494683917748     
   2.10349996884664        4.20699993769328      -0.140411078284291     
   2.10349996884664        4.50749993324280      -0.128713214432221     
   2.10349996884664        4.80799992879232      -0.118242547264538     
   2.10349996884664        5.10849992434184      -0.108760050117267     
   2.10349996884664        5.40899991989136      -0.100041143983715     
   2.10349996884664        5.70949991544088      -9.194261175747395E-002
   2.10349996884664        6.00999991099040      -8.440359415102573E-002
   2.10349996884664        6.31049990653992      -7.740430241597099E-002
   2.10349996884664        6.61099990208944      -7.094510165939613E-002
   2.10349996884664        6.91149989763896      -6.508468378777156E-002
   2.10349996884664        7.21199989318848      -5.990002547349568E-002
   2.40399996439616       0.000000000000000E+000 -0.357816018196346     
   2.40399996439616       0.300499995549520      -0.354045275731993     
   2.40399996439616       0.600999991099040      -0.343100497986150     
   2.40399996439616       0.901499986648560      -0.326086798011567     
   2.40399996439616        1.20199998219808      -0.305431176611921     
   2.40399996439616        1.50249997774760      -0.283476278678998     
   2.40399996439616        1.80299997329712      -0.261830305288291     
   2.40399996439616        2.10349996884664      -0.241360949024642     
   2.40399996439616        2.40399996439616      -0.222369111659685     
   2.40399996439616        2.70449995994568      -0.204810685536717     
   2.40399996439616        3.00499995549520      -0.188515525607215     
   2.40399996439616        3.30549995104472      -0.173349534113266     
   2.40399996439616        3.60599994659424      -0.159278180462239     
   2.40399996439616        3.90649994214376      -0.146337290229388     
   2.40399996439616        4.20699993769328      -0.134555542979889     
   2.40399996439616        4.50749993324280      -0.123887414348730     
   2.40399996439616        4.80799992879232      -0.114201846240634     
   2.40399996439616        5.10849992434184      -0.105328365608450     
   2.40399996439616        5.40899991989136      -9.712027659733645E-002
   2.40399996439616        5.70949991544088      -8.948758385976106E-002
   2.40399996439616        6.00999991099040      -8.238041567107925E-002
   2.40399996439616        6.31049990653992      -7.574535855755224E-002
   2.40399996439616        6.61099990208944      -6.951810480205933E-002
   2.40399996439616        6.91149989763896      -6.374079616934054E-002
   2.40399996439616        7.21199989318848      -5.869750349315007E-002
   2.70449995994568       0.000000000000000E+000 -0.305668955902585     
   2.70449995994568       0.300499995549520      -0.303137827483376     
   2.70449995994568       0.600999991099040      -0.295623759843321     
   2.70449995994568       0.901499986648560      -0.283779101170885     
   2.70449995994568        1.20199998219808      -0.268884521300758     
   2.70449995994568        1.50249997774760      -0.252656780159280     
   2.70449995994568        1.80299997329712      -0.236242379877065     
   2.70449995994568        2.10349996884664      -0.220214318037313     
   2.70449995994568        2.40399996439616      -0.204810656608942     
   2.70449995994568        2.70449995994568      -0.190100882563651     
   2.70449995994568        3.00499995549520      -0.176111124578592     
   2.70449995994568        3.30549995104472      -0.162890132648348     
   2.70449995994568        3.60599994659424      -0.150511715151557     
   2.70449995994568        3.90649994214376      -0.139038447002140     
   2.70449995994568        4.20699993769328      -0.128484469918164     
   2.70449995994568        4.50749993324280      -0.118800513701807     
   2.70449995994568        4.80799992879232      -0.109890590853335     
   2.70449995994568        5.10849992434184      -0.101649767191377     
   2.70449995994568        5.40899991989136      -9.399792144289729E-002
   2.70449995994568        5.70949991544088      -8.688653596649210E-002
   2.70449995994568        6.00999991099040      -8.026689193279331E-002
   2.70449995994568        6.31049990653992      -7.401600621607388E-002
   2.70449995994568        6.61099990208944      -6.795788192079598E-002
   2.70449995994568        6.91149989763896      -6.221565605174922E-002
   2.70449995994568        7.21199989318848      -5.727508686903406E-002
   3.00499995549520       0.000000000000000E+000 -0.268903014708763     
   3.00499995549520       0.300499995549520      -0.267107522202174     
   3.00499995549520       0.600999991099040      -0.261162697879754     
   3.00499995549520       0.901499986648560      -0.251531957705695     
   3.00499995549520        1.20199998219808      -0.239632411697098     
   3.00499995549520        1.50249997774760      -0.226953647794446     
   3.00499995549520        1.80299997329712      -0.214068221968293     
   3.00499995549520        2.10349996884664      -0.201206837451296     
   3.00499995549520        2.40399996439616      -0.188515693580264     
   3.00499995549520        2.70449995994568      -0.176111253450920     
   3.00499995549520        3.00499995549520      -0.164115939527861     
   3.00499995549520        3.30549995104472      -0.152657336002527     
   3.00499995549520        3.60599994659424      -0.141840525918012     
   3.00499995549520        3.90649994214376      -0.131720737941763     
   3.00499995549520        4.20699993769328      -0.122297904682927     
   3.00499995549520        4.50749993324280      -0.113532302023971     
   3.00499995549520        4.80799992879232      -0.105370256389401     
   3.00499995549520        5.10849992434184      -9.776706397407750E-002
   3.00499995549520        5.40899991989136      -9.069797433953038E-002
   3.00499995549520        5.70949991544088      -8.415351317729372E-002
   3.00499995549520        6.00999991099040      -7.811182474897890E-002
   3.00499995549520        6.31049990653992      -7.243614378327795E-002
   3.00499995549520        6.61099990208944      -6.681625129954787E-002
   3.00499995549520        6.91149989763896      -6.114306660139637E-002
   3.00499995549520        7.21199989318848      -5.619846860136293E-002
   3.30549995104472       0.000000000000000E+000 -0.237825614947434     
   3.30549995104472       0.300499995549520      -0.237206051497637     
   3.30549995104472       0.600999991099040      -0.232833689179378     
   3.30549995104472       0.901499986648560      -0.224843414007930     
   3.30549995104472        1.20199998219808      -0.215027950574487     
   3.30549995104472        1.50249997774760      -0.204733391309526     
   3.30549995104472        1.80299997329712      -0.194370772851858     
   3.30549995104472        2.10349996884664      -0.183885124389925     
   3.30549995104472        2.40399996439616      -0.173350076189971     
   3.30549995104472        2.70449995994568      -0.162890507273331     
   3.30549995104472        3.00499995549520      -0.152657514502824     
   3.30549995104472        3.30549995104472      -0.142792066021463     
   3.30549995104472        3.60599994659424      -0.133389512331843     
   3.30549995104472        3.90649994214376      -0.124486937382847     
   3.30549995104472        4.20699993769328      -0.116080820223673     
   3.30549995104472        4.50749993324280      -0.108153776689539     
   3.30549995104472        4.80799992879232      -0.100695655200036     
   3.30549995104472        5.10849992434184      -9.371093107198616E-002
   3.30549995104472        5.40899991989136      -8.721597928454136E-002
   3.30549995104472        5.70949991544088      -8.123902232984483E-002
   3.30549995104472        6.00999991099040      -7.583475068108343E-002
   3.30549995104472        6.31049990653992      -7.091128314378128E-002
   3.30549995104472        6.61099990208944      -6.607915085429553E-002
   3.30549995104472        6.91149989763896      -6.089171960907670E-002
   3.30549995104472        7.21199989318848      -5.601844181284563E-002
   3.60599994659424       0.000000000000000E+000 -0.212455466029169     
   3.60599994659424       0.300499995549520      -0.209133799960224     
   3.60599994659424       0.600999991099040      -0.206062888985480     
   3.60599994659424       0.901499986648560      -0.200358995099950     
   3.60599994659424        1.20199998219808      -0.192930815688280     
   3.60599994659424        1.50249997774760      -0.184854500877198     
   3.60599994659424        1.80299997329712      -0.176546611993541     
   3.60599994659424        2.10349996884664      -0.167997715470080     
   3.60599994659424        2.40399996439616      -0.159279165151074     
   3.60599994659424        2.70449995994568      -0.150512382887228     
   3.60599994659424        3.00499995549520      -0.141840895720428     
   3.60599994659424        3.30549995104472      -0.133389658178447     
   3.60599994659424        3.60599994659424      -0.125233555783780     
   3.60599994659424        3.90649994214376      -0.117398377694441     
   3.60599994659424        4.20699993769328      -0.109889905791845     
   3.60599994659424        4.50749993324280      -0.102718993661191     
   3.60599994659424        4.80799992879232      -9.591172956940318E-002
   3.60599994659424        5.10849992434184      -8.950441705657411E-002
   3.60599994659424        5.40899991989136      -8.353468271076671E-002
   3.60599994659424        5.70949991544088      -7.804982352600008E-002
   3.60599994659424        6.00999991099040      -7.315409904173584E-002
   3.60599994659424        6.31049990653992      -6.880020366347414E-002
   3.60599994659424        6.61099990208944      -6.465683324038504E-002
   3.60599994659424        6.91149989763896      -6.027987275121237E-002
   3.60599994659424        7.21199989318848      -5.636064913598748E-002
   3.90649994214376       0.000000000000000E+000 -0.184530165937292     
   3.90649994214376       0.300499995549520      -0.183288485633766     
   3.90649994214376       0.600999991099040      -0.181437750696659     
   3.90649994214376       0.901499986648560      -0.177976307841009     
   3.90649994214376        1.20199998219808      -0.172929959007162     
   3.90649994214376        1.50249997774760      -0.166937012038680     
   3.90649994214376        1.80299997329712      -0.160398398908977     
   3.90649994214376        2.10349996884664      -0.153496444743172     
   3.90649994214376        2.40399996439616      -0.146338667165530     
   3.90649994214376        2.70449995994568      -0.139039386982385     
   3.90649994214376        3.00499995549520      -0.131721288398912     
   3.90649994214376        3.30549995104472      -0.124487206542061     
   3.90649994214376        3.60599994659424      -0.117398475410370     
   3.90649994214376        3.90649994214376      -0.110482707991129     
   3.90649994214376        4.20699993769328      -0.103762100982284     
   3.90649994214376        4.50749993324280      -9.727218879415273E-002
   3.90649994214376        4.80799992879232      -9.106146656961776E-002
   3.90649994214376        5.10849992434184      -8.517848082874901E-002
   3.90649994214376        5.40899991989136      -7.966124538595813E-002
   3.90649994214376        5.70949991544088      -7.454586669156128E-002
   3.90649994214376        6.00999991099040      -6.989899042983080E-002
   3.90649994214376        6.31049990653992      -6.566510401191995E-002
   3.90649994214376        6.61099990208944      -6.147689728820192E-002
   3.90649994214376        6.91149989763896      -5.686342031895526E-002
   3.90649994214376        7.21199989318848      -5.247016225009471E-002
   4.20699993769328       0.000000000000000E+000 -0.162771713223042     
   4.20699993769328       0.300499995549520      -0.162391474820093     
   4.20699993769328       0.600999991099040      -0.161260210577586     
   4.20699993769328       0.901499986648560      -0.158995695461852     
   4.20699993769328        1.20199998219808      -0.155541179278451     
   4.20699993769328        1.50249997774760      -0.151067512418556     
   4.20699993769328        1.80299997329712      -0.145954287292309     
   4.20699993769328        2.10349996884664      -0.140413145233540     
   4.20699993769328        2.40399996439616      -0.134557166389162     
   4.20699993769328        2.70449995994568      -0.128485602559878     
   4.20699993769328        3.00499995549520      -0.122298601073379     
   4.20699993769328        3.30549995104472      -0.116081195059556     
   4.20699993769328        3.60599994659424      -0.109890077893015     
   4.20699993769328        3.90649994214376      -0.103762158340115     
   4.20699993769328        4.20699993769328      -9.773580245720301E-002
   4.20699993769328        4.50749993324280      -9.186178098860336E-002
   4.20699993769328        4.80799992879232      -8.619585154901319E-002
   4.20699993769328        5.10849992434184      -8.078325137910877E-002
   4.20699993769328        5.40899991989136      -7.565024738246551E-002
   4.20699993769328        5.70949991544088      -7.081017923439191E-002
   4.20699993769328        6.00999991099040      -6.626684349922811E-002
   4.20699993769328        6.31049990653992      -6.194094265083339E-002
   4.20699993769328        6.61099990208944      -5.757020107911816E-002
   4.20699993769328        6.91149989763896      -5.303536925610797E-002
   4.20699993769328        7.21199989318848      -4.905885612945348E-002
   4.50749993324280       0.000000000000000E+000 -0.146888091568898     
   4.50749993324280       0.300499995549520      -0.146519084654775     
   4.50749993324280       0.600999991099040      -0.145405581412027     
   4.50749993324280       0.901499986648560      -0.143510724104388     
   4.50749993324280        1.20199998219808      -0.140766801030379     
   4.50749993324280        1.50249997774760      -0.137263129850646     
   4.50749993324280        1.80299997329712      -0.133201960133397     
   4.50749993324280        2.10349996884664      -0.128715316353686     
   4.50749993324280        2.40399996439616      -0.123889088002335     
   4.50749993324280        2.70449995994568      -0.118801715271351     
   4.50749993324280        3.00499995549520      -0.113533075564609     
   4.50749993324280        3.30549995104472      -0.108154219234451     
   4.50749993324280        3.60599994659424      -0.102719210867981     
   4.50749993324280        3.90649994214376      -9.727226812537643E-002
   4.50749993324280        4.20699993769328      -9.186179046599720E-002
   4.50749993324280        4.50749993324280      -8.654400346587640E-002
   4.50749993324280        4.80799992879232      -8.137176340153700E-002
   4.50749993324280        5.10849992434184      -7.638046116620997E-002
   4.50749993324280        5.40899991989136      -7.158435673588169E-002
   4.50749993324280        5.70949991544088      -6.698480971531749E-002
   4.50749993324280        6.00999991099040      -6.257160637766193E-002
   4.50749993324280        6.31049990653992      -5.828387464553222E-002
   4.50749993324280        6.61099990208944      -5.401403072828886E-002
   4.50749993324280        6.91149989763896      -4.987945971411747E-002
   4.50749993324280        7.21199989318848      -4.631896339572469E-002
   4.80799992879232       0.000000000000000E+000 -0.133671243197877     
   4.80799992879232       0.300499995549520      -0.133287779062237     
   4.80799992879232       0.600999991099040      -0.132175626698843     
   4.80799992879232       0.901499986648560      -0.130457268100444     
   4.80799992879232        1.20199998219808      -0.128139263542447     
   4.80799992879232        1.50249997774760      -0.125276803848292     
   4.80799992879232        1.80299997329712      -0.121955070559669     
   4.80799992879232        2.10349996884664      -0.118244444036218     
   4.80799992879232        2.40399996439616      -0.114203379562542     
   4.80799992879232        2.70449995994568      -0.109891719738905     
   4.80799992879232        3.00499995549520      -0.105371005668794     
   4.80799992879232        3.30549995104472      -0.100696091588379     
   4.80799992879232        3.60599994659424      -9.591193311061413E-002
   4.80799992879232        3.90649994214376      -9.106151426316815E-002
   4.80799992879232        4.20699993769328      -8.619581547295023E-002
   4.80799992879232        4.50749993324280      -8.137171332233069E-002
   4.80799992879232        4.80799992879232      -7.663801771998156E-002
   4.80799992879232        5.10849992434184      -7.202296298417728E-002
   4.80799992879232        5.40899991989136      -6.753499430285283E-002
   4.80799992879232        5.70949991544088      -6.317532158224450E-002
   4.80799992879232        6.00999991099040      -5.894773653171958E-002
   4.80799992879232        6.31049990653992      -5.485404640263036E-002
   4.80799992879232        6.61099990208944      -5.089645766588796E-002
   4.80799992879232        6.91149989763896      -4.715746922685547E-002
   4.80799992879232        7.21199989318848      -4.390039227382111E-002
   5.10849992434184       0.000000000000000E+000 -0.121739462680176     
   5.10849992434184       0.300499995549520      -0.121452197830214     
   5.10849992434184       0.600999991099040      -0.120559760051217     
   5.10849992434184       0.901499986648560      -0.119080186524028     
   5.10849992434184        1.20199998219808      -0.117105585684507     
   5.10849992434184        1.50249997774760      -0.114695117904254     
   5.10849992434184        1.80299997329712      -0.111898719436994     
   5.10849992434184        2.10349996884664      -0.108761602934475     
   5.10849992434184        2.40399996439616      -0.105329628283986     
   5.10849992434184        2.70449995994568      -0.101650703883487     
   5.10849992434184        3.00499995549520      -9.776768109131789E-002
   5.10849992434184        3.30549995104472      -9.371126545374497E-002
   5.10849992434184        3.60599994659424      -8.950452363991844E-002
   5.10849992434184        3.90649994214376      -8.517842590981051E-002
   5.10849992434184        4.20699993769328      -8.078310920071807E-002
   5.10849992434184        4.50749993324280      -7.638030791042710E-002
   5.10849992434184        4.80799992879232      -7.202286509834137E-002
   5.10849992434184        5.10849992434184      -6.773996723582625E-002
   5.10849992434184        5.40899991989136      -6.353939909446152E-002
   5.10849992434184        5.70949991544088      -5.942315194430672E-002
   5.10849992434184        6.00999991099040      -5.540314492147809E-002
   5.10849992434184        6.31049990653992      -5.150942971651849E-002
   5.10849992434184        6.61099990208944      -4.780091538529929E-002
   5.10849992434184        6.91149989763896      -4.439565631464513E-002
   5.10849992434184        7.21199989318848      -4.139736660919514E-002
   5.40899991989136       0.000000000000000E+000 -0.110430760264253     
   5.40899991989136       0.300499995549520      -0.110317407780036     
   5.40899991989136       0.600999991099040      -0.109795851994520     
   5.40899991989136       0.901499986648560      -0.108746070787502     
   5.40899991989136        1.20199998219808      -0.107151528498445     
   5.40899991989136        1.50249997774760      -0.105103868080841     
   5.40899991989136        1.80299997329712      -0.102718566162848     
   5.40899991989136        2.10349996884664      -0.100042346272112     
   5.40899991989136        2.40399996439616      -9.712123631090751E-002
   5.40899991989136        2.70449995994568      -9.399861110155067E-002
   5.40899991989136        3.00499995549520      -9.069838677911549E-002
   5.40899991989136        3.30549995104472      -8.721612893471348E-002
   5.40899991989136        3.60599994659424      -8.353461009597359E-002
   5.40899991989136        3.90649994214376      -7.966101727006604E-002
   5.40899991989136        4.20699993769328      -7.564994635914282E-002
   5.40899991989136        4.50749993324280      -7.158406490385384E-002
   5.40899991989136        4.80799992879232      -6.753477711901928E-002
   5.40899991989136        5.10849992434184      -6.353929179526036E-002
   5.40899991989136        5.40899991989136      -5.960386358671342E-002
   5.40899991989136        5.70949991544088      -5.572233564855007E-002
   5.40899991989136        6.00999991099040      -5.189529988906254E-002
   5.40899991989136        6.31049990653992      -4.815941816204786E-002
   5.40899991989136        6.61099990208944      -4.459967709520767E-002
   5.40899991989136        6.91149989763896      -4.133310470559860E-002
   5.40899991989136        7.21199989318848      -3.850101227244349E-002
   5.70949991544088       0.000000000000000E+000 -9.898787813738352E-002
   5.70949991544088       0.300499995549520      -9.919000312433367E-002
   5.70949991544088       0.600999991099040      -9.934755646000927E-002
   5.70949991544088       0.901499986648560      -9.892978504089515E-002
   5.70949991544088        1.20199998219808      -9.782793295986378E-002
   5.70949991544088        1.50249997774760      -9.620144706453393E-002
   5.70949991544088        1.80299997329712      -9.420225891435495E-002
   5.70949991544088        2.10349996884664      -9.194357215947885E-002
   5.70949991544088        2.40399996439616      -8.948831277201016E-002
   5.70949991544088        2.70449995994568      -8.688701367153476E-002
   5.70949991544088        3.00499995549520      -8.415371671578821E-002
   5.70949991544088        3.30549995104472      -8.123894459444735E-002
   5.70949991544088        3.60599994659424      -7.804950554869319E-002
   5.70949991544088        3.90649994214376      -7.454540352347283E-002
   5.70949991544088        4.20699993769328      -7.080968148388810E-002
   5.70949991544088        4.50749993324280      -6.698436698414365E-002
   5.70949991544088        4.80799992879232      -6.317499223404130E-002
   5.70949991544088        5.10849992434184      -5.942296050539572E-002
   5.70949991544088        5.40899991989136      -5.572226812334250E-002
   5.70949991544088        5.70949991544088      -5.204442555663853E-002
   5.70949991544088        6.00999991099040      -4.837093490019916E-002
   5.70949991544088        6.31049990653992      -4.472366292860094E-002
   5.70949991544088        6.61099990208944      -4.114137118503440E-002
   5.70949991544088        6.91149989763896      -3.778767111829507E-002
   5.70949991544088        7.21199989318848      -3.499623166410643E-002
   6.00999991099040       0.000000000000000E+000 -8.700705830348324E-002
   6.00999991099040       0.300499995549520      -8.787135765742765E-002
   6.00999991099040       0.600999991099040      -8.921073710874000E-002
   6.00999991099040       0.901499986648560      -8.962105531598716E-002
   6.00999991099040        1.20199998219808      -8.904001139519140E-002
   6.00999991099040        1.50249997774760      -8.784167956525955E-002
   6.00999991099040        1.80299997329712      -8.625514922125282E-002
   6.00999991099040        2.10349996884664      -8.440447993225535E-002
   6.00999991099040        2.40399996439616      -8.238106282975494E-002
   6.00999991099040        2.70449995994568      -8.026728118999088E-002
   6.00999991099040        3.00499995549520      -7.811189495638519E-002
   6.00999991099040        3.30549995104472      -7.583443837230618E-002
   6.00999991099040        3.60599994659424      -7.315346045165813E-002
   6.00999991099040        3.90649994214376      -6.989821092012952E-002
   6.00999991099040        4.20699993769328      -6.626611751915276E-002
   6.00999991099040        4.50749993324280      -6.257102288723186E-002
   6.00999991099040        4.80799992879232      -5.894732737728488E-002
   6.00999991099040        5.10849992434184      -5.540291848005043E-002
   6.00999991099040        5.40899991989136      -5.189523233724113E-002
   6.00999991099040        5.70949991544088      -4.837093292527048E-002
   6.00999991099040        6.00999991099040      -4.480075040821654E-002
   6.00999991099040        6.31049990653992      -4.114661492788031E-002
   6.00999991099040        6.61099990208944      -3.733295385586738E-002
   6.00999991099040        6.91149989763896      -3.351709446456362E-002
   6.00999991099040        7.21199989318848      -3.052565060840347E-002
   6.31049990653992       0.000000000000000E+000 -7.441489697703176E-002
   6.31049990653992       0.300499995549520      -7.669327764514369E-002
   6.31049990653992       0.600999991099040      -7.973798041627295E-002
   6.31049990653992       0.901499986648560      -8.083816665161160E-002
   6.31049990653992        1.20199998219808      -8.071636221930101E-002
   6.31049990653992        1.50249997774760      -8.000541140088263E-002
   6.31049990653992        1.80299997329712      -7.886734546416289E-002
   6.31049990653992        2.10349996884664      -7.740526815716084E-002
   6.31049990653992        2.40399996439616      -7.574610178640608E-002
   6.31049990653992        2.70449995994568      -7.401650880813160E-002
   6.31049990653992        3.00499995549520      -7.243627450930724E-002
   6.31049990653992        3.30549995104472      -7.091090887324081E-002
   6.31049990653992        3.60599994659424      -6.879936864258129E-002
   6.31049990653992        3.90649994214376      -6.566408567880988E-002
   6.31049990653992        4.20699993769328      -6.194003462248082E-002
   6.31049990653992        4.50749993324280      -5.828319912218938E-002
   6.31049990653992        4.80799992879232      -5.485361811326615E-002
   6.31049990653992        5.10849992434184      -5.150923830998965E-002
   6.31049990653992        5.40899991989136      -4.815939751252703E-002
   6.31049990653992        5.70949991544088      -4.472370528717359E-002
   6.31049990653992        6.00999991099040      -4.114667005149970E-002
   6.31049990653992        6.31049990653992      -3.738505398112645E-002
   6.31049990653992        6.61099990208944      -3.321045568148973E-002
   6.31049990653992        6.91149989763896      -2.842110359071310E-002
   6.31049990653992        7.21199989318848      -2.468470015324614E-002
   6.61099990208944       0.000000000000000E+000 -6.225664251476218E-002
   6.61099990208944       0.300499995549520      -6.707250191569702E-002
   6.61099990208944       0.600999991099040      -7.095852801685100E-002
   6.61099990208944       0.901499986648560      -7.204166315752532E-002
   6.61099990208944        1.20199998219808      -7.256168039884520E-002
   6.61099990208944        1.50249997774760      -7.261465861258132E-002
   6.61099990208944        1.80299997329712      -7.205163180573049E-002
   6.61099990208944        2.10349996884664      -7.094623425976067E-002
   6.61099990208944        2.40399996439616      -6.951909552950256E-002
   6.61099990208944        2.70449995994568      -6.795870580997740E-002
   6.61099990208944        3.00499995549520      -6.681665446521798E-002
   6.61099990208944        3.30549995104472      -6.607886197493666E-002
   6.61099990208944        3.60599994659424      -6.465586151551929E-002
   6.61099990208944        3.90649994214376      -6.147572179668631E-002
   6.61099990208944        4.20699993769328      -5.756930911881158E-002
   6.61099990208944        4.50749993324280      -5.401345224422299E-002
   6.61099990208944        4.80799992879232      -5.089611245094276E-002
   6.61099990208944        5.10849992434184      -4.780083997892021E-002
   6.61099990208944        5.40899991989136      -4.459973968061066E-002
   6.61099990208944        5.70949991544088      -4.114149657671787E-002
   6.61099990208944        6.00999991099040      -3.733311636071982E-002
   6.61099990208944        6.31049990653992      -3.321059141688588E-002
   6.61099990208944        6.61099990208944      -2.877141953249430E-002
   6.61099990208944        6.91149989763896      -2.312828222149051E-002
   6.61099990208944        7.21199989318848      -1.784946464794056E-002
   6.91149989763896       0.000000000000000E+000 -5.527918316356877E-002
   6.91149989763896       0.300499995549520      -5.986643048340493E-002
   6.91149989763896       0.600999991099040      -6.039358259096279E-002
   6.91149989763896       0.901499986648560      -6.235978036442429E-002
   6.91149989763896        1.20199998219808      -6.456830983789415E-002
   6.91149989763896        1.50249997774760      -6.576605572613983E-002
   6.91149989763896        1.80299997329712      -6.585614483628537E-002
   6.91149989763896        2.10349996884664      -6.508598194220303E-002
   6.91149989763896        2.40399996439616      -6.374208546457777E-002
   6.91149989763896        2.70449995994568      -6.221681888013203E-002
   6.91149989763896        3.00499995549520      -6.114375749633274E-002
   6.91149989763896        3.30549995104472      -6.089155358702395E-002
   6.91149989763896        3.60599994659424      -6.027889419090332E-002
   6.91149989763896        3.90649994214376      -5.686227410487652E-002
   6.91149989763896        4.20699993769328      -5.303469154022114E-002
   6.91149989763896        4.50749993324280      -4.987919253578855E-002
   6.91149989763896        4.80799992879232      -4.715734091575687E-002
   6.91149989763896        5.10849992434184      -4.439574868701854E-002
   6.91149989763896        5.40899991989136      -4.133328526762704E-002
   6.91149989763896        5.70949991544088      -3.778789687470312E-002
   6.91149989763896        6.00999991099040      -3.351736643848210E-002
   6.91149989763896        6.31049990653992      -2.842137663526419E-002
   6.91149989763896        6.61099990208944      -2.312845713916165E-002
   6.91149989763896        6.91149989763896      -1.893931585081878E-002
   6.91149989763896        7.21199989318848      -1.407417629826927E-002
   7.21199989318848       0.000000000000000E+000 -5.368803810886093E-002
   7.21199989318848       0.300499995549520      -4.942414869928018E-002
   7.21199989318848       0.600999991099040      -4.951254882660960E-002
   7.21199989318848       0.901499986648560      -5.424462460697830E-002
   7.21199989318848        1.20199998219808      -5.798820572555762E-002
   7.21199989318848        1.50249997774760      -5.992528700206816E-002
   7.21199989318848        1.80299997329712      -6.042308229597305E-002
   7.21199989318848        2.10349996884664      -5.990145070581693E-002
   7.21199989318848        2.40399996439616      -5.869897963503198E-002
   7.21199989318848        2.70449995994568      -5.727646722316203E-002
   7.21199989318848        3.00499995549520      -5.619940666161979E-002
   7.21199989318848        3.30549995104472      -5.601850737051847E-002
   7.21199989318848        3.60599994659424      -5.635992233961155E-002
   7.21199989318848        3.90649994214376      -5.246959013466166E-002
   7.21199989318848        4.20699993769328      -4.905871738495413E-002
   7.21199989318848        4.50749993324280      -4.631912597726406E-002
   7.21199989318848        4.80799992879232      -4.390056241575765E-002
   7.21199989318848        5.10849992434184      -4.139766922092981E-002
   7.21199989318848        5.40899991989136      -3.850133622457075E-002
   7.21199989318848        5.70949991544088      -3.499654835164225E-002
   7.21199989318848        6.00999991099040      -3.052596388459238E-002
   7.21199989318848        6.31049990653992      -2.468495926162950E-002
   7.21199989318848        6.61099990208944      -1.784955826437630E-002
   7.21199989318848        6.91149989763896      -1.407407612150114E-002
   7.21199989318848        7.21199989318848      -1.427655097157117E-002
