  0.000000000000000E+000  0.000000000000000E+000 -0.176546611993543     
  0.000000000000000E+000  0.300499995549520      -0.183386839480438     
  0.000000000000000E+000  0.600999991099040      -0.183498547220931     
  0.000000000000000E+000  0.901499986648560      -0.179921924715427     
  0.000000000000000E+000   1.20199998219808      -0.176039993222157     
  0.000000000000000E+000   1.50249997774760      -0.172626364391501     
  0.000000000000000E+000   1.80299997329712      -0.169796826112431     
  0.000000000000000E+000   2.10349996884664      -0.167588186687564     
  0.000000000000000E+000   2.40399996439616      -0.165886710170611     
  0.000000000000000E+000   2.70449995994568      -0.164358092734786     
  0.000000000000000E+000   3.00499995549520      -0.162534361158596     
  0.000000000000000E+000   3.30549995104472      -0.159243211190456     
  0.000000000000000E+000   3.60599994659424      -0.154272236508310     
  0.000000000000000E+000   3.90649994214376      -0.148209676460032     
  0.000000000000000E+000   4.20699993769328      -0.140819756093453     
  0.000000000000000E+000   4.50749993324280      -0.130944344216605     
  0.000000000000000E+000   4.80799992879232      -0.121350269318734     
  0.000000000000000E+000   5.10849992434184      -0.113211307171354     
  0.000000000000000E+000   5.40899991989136      -0.106775941741836     
  0.000000000000000E+000   5.70949991544088      -0.101805773354957     
  0.000000000000000E+000   6.00999991099040      -9.806456867370530E-002
  0.000000000000000E+000   6.31049990653992      -9.526816853432707E-002
  0.000000000000000E+000   6.61099990208944      -9.280870267162350E-002
  0.000000000000000E+000   6.91149989763896      -8.900851341171884E-002
  0.000000000000000E+000   7.21199989318848      -8.357461957339733E-002
  0.300499995549520       0.000000000000000E+000 -0.194283138819354     
  0.300499995549520       0.300499995549520      -0.185874006720603     
  0.300499995549520       0.600999991099040      -0.188272748776225     
  0.300499995549520       0.901499986648560      -0.191853420769038     
  0.300499995549520        1.20199998219808      -0.191699639193538     
  0.300499995549520        1.50249997774760      -0.189795965101028     
  0.300499995549520        1.80299997329712      -0.187395233893448     
  0.300499995549520        2.10349996884664      -0.184956681266859     
  0.300499995549520        2.40399996439616      -0.182426235014972     
  0.300499995549520        2.70449995994568      -0.179192649852294     
  0.300499995549520        3.00499995549520      -0.174498062958740     
  0.300499995549520        3.30549995104472      -0.168006252496448     
  0.300499995549520        3.60599994659424      -0.161632651613876     
  0.300499995549520        3.90649994214376      -0.156095211300841     
  0.300499995549520        4.20699993769328      -0.148644824567428     
  0.300499995549520        4.50749993324280      -0.139051052629728     
  0.300499995549520        4.80799992879232      -0.129451438006211     
  0.300499995549520        5.10849992434184      -0.120939218373056     
  0.300499995549520        5.40899991989136      -0.113826096457226     
  0.300499995549520        5.70949991544088      -0.108028264832975     
  0.300499995549520        6.00999991099040      -0.103259374727135     
  0.300499995549520        6.31049990653992      -9.906687204002847E-002
  0.300499995549520        6.61099990208944      -9.460436220346663E-002
  0.300499995549520        6.91149989763896      -8.973714691346503E-002
  0.300499995549520        7.21199989318848      -8.671193591780096E-002
  0.600999991099040       0.000000000000000E+000 -0.205089565476205     
  0.600999991099040       0.300499995549520      -0.202307370984029     
  0.600999991099040       0.600999991099040      -0.201201130242466     
  0.600999991099040       0.901499986648560      -0.205491752889009     
  0.600999991099040        1.20199998219808      -0.208046870142086     
  0.600999991099040        1.50249997774760      -0.208147968474829     
  0.600999991099040        1.80299997329712      -0.206684642204721     
  0.600999991099040        2.10349996884664      -0.204314326388336     
  0.600999991099040        2.40399996439616      -0.201173392051082     
  0.600999991099040        2.70449995994568      -0.196700343194021     
  0.600999991099040        3.00499995549520      -0.190030434405640     
  0.600999991099040        3.30549995104472      -0.181274800292791     
  0.600999991099040        3.60599994659424      -0.172459920299019     
  0.600999991099040        3.90649994214376      -0.164802572907992     
  0.600999991099040        4.20699993769328      -0.156513709275663     
  0.600999991099040        4.50749993324280      -0.147013650896975     
  0.600999991099040        4.80799992879232      -0.137504990877713     
  0.600999991099040        5.10849992434184      -0.128659825680355     
  0.600999991099040        5.40899991989136      -0.120876036282270     
  0.600999991099040        5.70949991544088      -0.114148479292561     
  0.600999991099040        6.00999991099040      -0.108182547966808     
  0.600999991099040        6.31049990653992      -0.102583079203807     
  0.600999991099040        6.61099990208944      -9.703718944826450E-002
  0.600999991099040        6.91149989763896      -9.225644982834304E-002
  0.600999991099040        7.21199989318848      -8.808890829267503E-002
  0.901499986648560       0.000000000000000E+000 -0.207891861450684     
  0.901499986648560       0.300499995549520      -0.214313288150390     
  0.901499986648560       0.600999991099040      -0.217643846067532     
  0.901499986648560       0.901499986648560      -0.222492960968100     
  0.901499986648560        1.20199998219808      -0.226577288036555     
  0.901499986648560        1.50249997774760      -0.228388764054026     
  0.901499986648560        1.80299997329712      -0.227953249633802     
  0.901499986648560        2.10349996884664      -0.225801860544811     
  0.901499986648560        2.40399996439616      -0.222360800903290     
  0.901499986648560        2.70449995994568      -0.217118301876745     
  0.901499986648560        3.00499995549520      -0.209510725360203     
  0.901499986648560        3.30549995104472      -0.199676161255993     
  0.901499986648560        3.60599994659424      -0.188828090411411     
  0.901499986648560        3.90649994214376      -0.178012474055706     
  0.901499986648560        4.20699993769328      -0.167187786676273     
  0.901499986648560        4.50749993324280      -0.156378737272623     
  0.901499986648560        4.80799992879232      -0.146096367633406     
  0.901499986648560        5.10849992434184      -0.136577791884158     
  0.901499986648560        5.40899991989136      -0.127943441018559     
  0.901499986648560        5.70949991544088      -0.120209630567444     
  0.901499986648560        6.00999991099040      -0.113104590986096     
  0.901499986648560        6.31049990653992      -0.106443198927481     
  0.901499986648560        6.61099990208944      -0.100240699443720     
  0.901499986648560        6.91149989763896      -9.465353587095415E-002
  0.901499986648560        7.21199989318848      -8.899213970806284E-002
   1.20199998219808       0.000000000000000E+000 -0.212298625372105     
   1.20199998219808       0.300499995549520      -0.224084365864316     
   1.20199998219808       0.600999991099040      -0.233157484492009     
   1.20199998219808       0.901499986648560      -0.241234163584827     
   1.20199998219808        1.20199998219808      -0.247619919478211     
   1.20199998219808        1.50249997774760      -0.251216725630042     
   1.20199998219808        1.80299997329712      -0.251746313001836     
   1.20199998219808        2.10349996884664      -0.249872872965735     
   1.20199998219808        2.40399996439616      -0.246003978530890     
   1.20199998219808        2.70449995994568      -0.239762931571654     
   1.20199998219808        3.00499995549520      -0.230981298036525     
   1.20199998219808        3.30549995104472      -0.219845768458016     
   1.20199998219808        3.60599994659424      -0.207013379745810     
   1.20199998219808        3.90649994214376      -0.193406520419916     
   1.20199998219808        4.20699993769328      -0.179846557886594     
   1.20199998219808        4.50749993324280      -0.167017823109153     
   1.20199998219808        4.80799992879232      -0.155293714778557     
   1.20199998219808        5.10849992434184      -0.144676738761843     
   1.20199998219808        5.40899991989136      -0.134999104288154     
   1.20199998219808        5.70949991544088      -0.126147114556875     
   1.20199998219808        6.00999991099040      -0.117894498716612     
   1.20199998219808        6.31049990653992      -0.110168270564802     
   1.20199998219808        6.61099990208944      -0.103026864926369     
   1.20199998219808        6.91149989763896      -9.640697306398625E-002
   1.20199998219808        7.21199989318848      -8.986844964138979E-002
   1.50249997774760       0.000000000000000E+000 -0.221583582419157     
   1.50249997774760       0.300499995549520      -0.236984975905160     
   1.50249997774760       0.600999991099040      -0.250768051000527     
   1.50249997774760       0.901499986648560      -0.262874649940985     
   1.50249997774760        1.20199998219808      -0.272308088528748     
   1.50249997774760        1.50249997774760      -0.277877221259759     
   1.50249997774760        1.80299997329712      -0.279325962094609     
   1.50249997774760        2.10349996884664      -0.277350480231906     
   1.50249997774760        2.40399996439616      -0.272208979050622     
   1.50249997774760        2.70449995994568      -0.264159749387265     
   1.50249997774760        3.00499995549520      -0.253448347082212     
   1.50249997774760        3.30549995104472      -0.240346159234011     
   1.50249997774760        3.60599994659424      -0.225355047083560     
   1.50249997774760        3.90649994214376      -0.209325296750908     
   1.50249997774760        4.20699993769328      -0.193326822898428     
   1.50249997774760        4.50749993324280      -0.178322619215680     
   1.50249997774760        4.80799992879232      -0.164831143004994     
   1.50249997774760        5.10849992434184      -0.152822598648871     
   1.50249997774760        5.40899991989136      -0.141943090849137     
   1.50249997774760        5.70949991544088      -0.131873682795087     
   1.50249997774760        6.00999991099040      -0.122432726684954     
   1.50249997774760        6.31049990653992      -0.113592501219796     
   1.50249997774760        6.61099990208944      -0.105453020617895     
   1.50249997774760        6.91149989763896      -9.797694001468941E-002
   1.50249997774760        7.21199989318848      -9.090195871373472E-002
   1.80299997329712       0.000000000000000E+000 -0.237133067728586     
   1.80299997329712       0.300499995549520      -0.255881225172775     
   1.80299997329712       0.600999991099040      -0.273736895534227     
   1.80299997329712       0.901499986648560      -0.289858045642103     
   1.80299997329712        1.20199998219808      -0.302576270343127     
   1.80299997329712        1.50249997774760      -0.310268591327500     
   1.80299997329712        1.80299997329712      -0.312359497811221     
   1.80299997329712        2.10349996884664      -0.309025330203935     
   1.80299997329712        2.40399996439616      -0.301163413175293     
   1.80299997329712        2.70449995994568      -0.289952860387842     
   1.80299997329712        3.00499995549520      -0.276293043334072     
   1.80299997329712        3.30549995104472      -0.260646646041223     
   1.80299997329712        3.60599994659424      -0.243357571650218     
   1.80299997329712        3.90649994214376      -0.225063921372498     
   1.80299997329712        4.20699993769328      -0.206790864310162     
   1.80299997329712        4.50749993324280      -0.189634360430747     
   1.80299997329712        4.80799992879232      -0.174283439807945     
   1.80299997329712        5.10849992434184      -0.160766270263649     
   1.80299997329712        5.40899991989136      -0.148624444620227     
   1.80299997329712        5.70949991544088      -0.137353322599183     
   1.80299997329712        6.00999991099040      -0.126734567587701     
   1.80299997329712        6.31049990653992      -0.116824160360202     
   1.80299997329712        6.61099990208944      -0.107785587248244     
   1.80299997329712        6.91149989763896      -9.964440692344395E-002
   1.80299997329712        7.21199989318848      -9.218586863191174E-002
   2.10349996884664       0.000000000000000E+000 -0.260279391501591     
   2.10349996884664       0.300499995549520      -0.282738844767368     
   2.10349996884664       0.600999991099040      -0.304425267915789     
   2.10349996884664       0.901499986648560      -0.324297727301066     
   2.10349996884664        1.20199998219808      -0.340135586470595     
   2.10349996884664        1.50249997774760      -0.349613758498340     
   2.10349996884664        1.80299997329712      -0.351201640237435     
   2.10349996884664        2.10349996884664      -0.345007498793979     
   2.10349996884664        2.40399996439616      -0.332748777809510     
   2.10349996884664        2.70449995994568      -0.316780017228705     
   2.10349996884664        3.00499995549520      -0.298934296013706     
   2.10349996884664        3.30549995104472      -0.280020888814406     
   2.10349996884664        3.60599994659424      -0.260209827380546     
   2.10349996884664        3.90649994214376      -0.239766337325321     
   2.10349996884664        4.20699993769328      -0.219448438430005     
   2.10349996884664        4.50749993324280      -0.200322058118684     
   2.10349996884664        4.80799992879232      -0.183200720694769     
   2.10349996884664        5.10849992434184      -0.168210675006398     
   2.10349996884664        5.40899991989136      -0.154858885251433     
   2.10349996884664        5.70949991544088      -0.142510553057400     
   2.10349996884664        6.00999991099040      -0.130854082995895     
   2.10349996884664        6.31049990653992      -0.119997701387900     
   2.10349996884664        6.61099990208944      -0.110197959205660     
   2.10349996884664        6.91149989763896      -0.101541771920880     
   2.10349996884664        7.21199989318848      -9.377393620996018E-002
   2.40399996439616       0.000000000000000E+000 -0.293055090360526     
   2.40399996439616       0.300499995549520      -0.319524722120128     
   2.40399996439616       0.600999991099040      -0.344509167464203     
   2.40399996439616       0.901499986648560      -0.366895667749084     
   2.40399996439616        1.20199998219808      -0.384547236341694     
   2.40399996439616        1.50249997774760      -0.394513157050050     
   2.40399996439616        1.80299997329712      -0.394361395395538     
   2.40399996439616        2.10349996884664      -0.384000068765281     
   2.40399996439616        2.40399996439616      -0.365933118950537     
   2.40399996439616        2.70449995994568      -0.343837651721136     
   2.40399996439616        3.00499995549520      -0.320701656660995     
   2.40399996439616        3.30549995104472      -0.297841305560776     
   2.40399996439616        3.60599994659424      -0.275274674438588     
   2.40399996439616        3.90649994214376      -0.252784371154498     
   2.40399996439616        4.20699993769328      -0.230687639085941     
   2.40399996439616        4.50749993324280      -0.209868977947496     
   2.40399996439616        4.80799992879232      -0.191188362093334     
   2.40399996439616        5.10849992434184      -0.174870555186988     
   2.40399996439616        5.40899991989136      -0.160435509533444     
   2.40399996439616        5.70949991544088      -0.147166405339899     
   2.40399996439616        6.00999991099040      -0.134669199377776     
   2.40399996439616        6.31049990653992      -0.123061870178073     
   2.40399996439616        6.61099990208944      -0.112690035666473     
   2.40399996439616        6.91149989763896      -0.103667880589672     
   2.40399996439616        7.21199989318848      -9.568409237931352E-002
   2.70449995994568       0.000000000000000E+000 -0.335571450810229     
   2.70449995994568       0.300499995549520      -0.366403384631122     
   2.70449995994568       0.600999991099040      -0.394951840045066     
   2.70449995994568       0.901499986648560      -0.417783100349598     
   2.70449995994568        1.20199998219808      -0.433219193747423     
   2.70449995994568        1.50249997774760      -0.441300077743135     
   2.70449995994568        1.80299997329712      -0.438147018708103     
   2.70449995994568        2.10349996884664      -0.422827767588427     
   2.70449995994568        2.40399996439616      -0.398296090221388     
   2.70449995994568        2.70449995994568      -0.369458355167547     
   2.70449995994568        3.00499995549520      -0.340517727261391     
   2.70449995994568        3.30549995104472      -0.313409416451007     
   2.70449995994568        3.60599994659424      -0.288040105804486     
   2.70449995994568        3.90649994214376      -0.263658050591503     
   2.70449995994568        4.20699993769328      -0.240062293422399     
   2.70449995994568        4.50749993324280      -0.217870000242072     
   2.70449995994568        4.80799992879232      -0.197910562668710     
   2.70449995994568        5.10849992434184      -0.180480543771075     
   2.70449995994568        5.40899991989136      -0.165136599286147     
   2.70449995994568        5.70949991544088      -0.151116213294154     
   2.70449995994568        6.00999991099040      -0.137957662950864     
   2.70449995994568        6.31049990653992      -0.125778704271847     
   2.70449995994568        6.61099990208944      -0.114999407554127     
   2.70449995994568        6.91149989763896      -0.105841383709689     
   2.70449995994568        7.21199989318848      -9.789288275113865E-002
   3.00499995549520       0.000000000000000E+000 -0.382076209212835     
   3.00499995549520       0.300499995549520      -0.417222291900069     
   3.00499995549520       0.600999991099040      -0.448789611524102     
   3.00499995549520       0.901499986648560      -0.472747610801249     
   3.00499995549520        1.20199998219808      -0.481560924895465     
   3.00499995549520        1.50249997774760      -0.484056147251712     
   3.00499995549520        1.80299997329712      -0.476857458373345     
   3.00499995549520        2.10349996884664      -0.456622510853299     
   3.00499995549520        2.40399996439616      -0.426093927268448     
   3.00499995549520        2.70449995994568      -0.391065463009978     
   3.00499995549520        3.00499995549520      -0.356802883531484     
   3.00499995549520        3.30549995104472      -0.325848484817709     
   3.00499995549520        3.60599994659424      -0.298011663974020     
   3.00499995549520        3.90649994214376      -0.272019641451766     
   3.00499995549520        4.20699993769328      -0.247214945004257     
   3.00499995549520        4.50749993324280      -0.223973087841612     
   3.00499995549520        4.80799992879232      -0.203049717319587     
   3.00499995549520        5.10849992434184      -0.184772611614762     
   3.00499995549520        5.40899991989136      -0.168733479140939     
   3.00499995549520        5.70949991544088      -0.154143434185269     
   3.00499995549520        6.00999991099040      -0.140478909246923     
   3.00499995549520        6.31049990653992      -0.127838686474886     
   3.00499995549520        6.61099990208944      -0.116742546960330     
   3.00499995549520        6.91149989763896      -0.107673856285047     
   3.00499995549520        7.21199989318848      -0.100087109468002     
   3.30549995104472       0.000000000000000E+000 -0.415303713995455     
   3.30549995104472       0.300499995549520      -0.456266519538764     
   3.30549995104472       0.600999991099040      -0.492050619809863     
   3.30549995104472       0.901499986648560      -0.516248701139476     
   3.30549995104472        1.20199998219808      -0.520614580198058     
   3.30549995104472        1.50249997774760      -0.515005698625034     
   3.30549995104472        1.80299997329712      -0.503861013340130     
   3.30549995104472        2.10349996884664      -0.479884587738474     
   3.30549995104472        2.40399996439616      -0.445071599947182     
   3.30549995104472        2.70449995994568      -0.405676903831918     
   3.30549995104472        3.00499995549520      -0.367689129001612     
   3.30549995104472        3.30549995104472      -0.334090320809192     
   3.30549995104472        3.60599994659424      -0.304575465596374     
   3.30549995104472        3.90649994214376      -0.277442667799160     
   3.30549995104472        4.20699993769328      -0.251776502462524     
   3.30549995104472        4.50749993324280      -0.227832555109747     
   3.30549995104472        4.80799992879232      -0.206293613351750     
   3.30549995104472        5.10849992434184      -0.187481675762801     
   3.30549995104472        5.40899991989136      -0.171002710574616     
   3.30549995104472        5.70949991544088      -0.156047179168981     
   3.30549995104472        6.00999991099040      -0.142020558622011     
   3.30549995104472        6.31049990653992      -0.129022188818121     
   3.30549995104472        6.61099990208944      -0.117590958578573     
   3.30549995104472        6.91149989763896      -0.108627669981562     
   3.30549995104472        7.21199989318848      -0.101410070685424     
   3.60599994659424       0.000000000000000E+000 -0.421876239693367     
   3.60599994659424       0.300499995549520      -0.468961425966889     
   3.60599994659424       0.600999991099040      -0.508512346814027     
   3.60599994659424       0.901499986648560      -0.532969936485121     
   3.60599994659424        1.20199998219808      -0.535827057289211     
   3.60599994659424        1.50249997774760      -0.526465492927550     
   3.60599994659424        1.80299997329712      -0.513597807480115     
   3.60599994659424        2.10349996884664      -0.488202460300830     
   3.60599994659424        2.40399996439616      -0.451828357699474     
   3.60599994659424        2.70449995994568      -0.410858899480545     
   3.60599994659424        3.00499995549520      -0.371540627867159     
   3.60599994659424        3.30549995104472      -0.337017720958760     
   3.60599994659424        3.60599994659424      -0.306920186968386     
   3.60599994659424        3.90649994214376      -0.279357551779145     
   3.60599994659424        4.20699993769328      -0.253357138137840     
   3.60599994659424        4.50749993324280      -0.229155122573698     
   3.60599994659424        4.80799992879232      -0.207401060908946     
   3.60599994659424        5.10849992434184      -0.188406247211135     
   3.60599994659424        5.40899991989136      -0.171777081901368     
   3.60599994659424        5.70949991544088      -0.156694360670671     
   3.60599994659424        6.00999991099040      -0.142531106238880     
   3.60599994659424        6.31049990653992      -0.129385732353011     
   3.60599994659424        6.61099990208944      -0.117770029199293     
   3.60599994659424        6.91149989763896      -0.108927315474039     
   3.60599994659424        7.21199989318848      -0.102346536950313     
   3.90649994214376       0.000000000000000E+000 -0.415277784297004     
   3.90649994214376       0.300499995549520      -0.456200226338116     
   3.90649994214376       0.600999991099040      -0.491994145921767     
   3.90649994214376       0.901499986648560      -0.516216355978709     
   3.90649994214376        1.20199998219808      -0.520601053586808     
   3.90649994214376        1.50249997774760      -0.515001465060415     
   3.90649994214376        1.80299997329712      -0.503860100310811     
   3.90649994214376        2.10349996884664      -0.479884060275756     
   3.90649994214376        2.40399996439616      -0.445069841935362     
   3.90649994214376        2.70449995994568      -0.405673014267587     
   3.90649994214376        3.00499995549520      -0.367682975189496     
   3.90649994214376        3.30549995104472      -0.334082284955400     
   3.90649994214376        3.60599994659424      -0.304566011975605     
   3.90649994214376        3.90649994214376      -0.277432340117534     
   3.90649994214376        4.20699993769328      -0.251765621028579     
   3.90649994214376        4.50749993324280      -0.227821494786737     
   3.90649994214376        4.80799992879232      -0.206282812703310     
   3.90649994214376        5.10849992434184      -0.187471749401021     
   3.90649994214376        5.40899991989136      -0.170994430442936     
   3.90649994214376        5.70949991544088      -0.156041662463098     
   3.90649994214376        6.00999991099040      -0.142019811178519     
   3.90649994214376        6.31049990653992      -0.129029118326549     
   3.90649994214376        6.61099990208944      -0.117606873841513     
   3.90649994214376        6.91149989763896      -0.108648783115434     
   3.90649994214376        7.21199989318848      -0.101424779409150     
   4.20699993769328       0.000000000000000E+000 -0.382034103479430     
   4.20699993769328       0.300499995549520      -0.417148006177005     
   4.20699993769328       0.600999991099040      -0.448722965028304     
   4.20699993769328       0.901499986648560      -0.472708224606864     
   4.20699993769328        1.20199998219808      -0.481545854424161     
   4.20699993769328        1.50249997774760      -0.484053131376633     
   4.20699993769328        1.80299997329712      -0.476858718559755     
   4.20699993769328        2.10349996884664      -0.456623387084920     
   4.20699993769328        2.40399996439616      -0.426091429852206     
   4.20699993769328        2.70449995994568      -0.391058252447653     
   4.20699993769328        3.00499995549520      -0.356790896689413     
   4.20699993769328        3.30549995104472      -0.325832552310109     
   4.20699993769328        3.60599994659424      -0.297992812255913     
   4.20699993769328        3.90649994214376      -0.271998783980310     
   4.20699993769328        4.20699993769328      -0.247192678083997     
   4.20699993769328        4.50749993324280      -0.223950014699349     
   4.20699993769328        4.80799992879232      -0.203026691397320     
   4.20699993769328        5.10849992434184      -0.184750856820139     
   4.20699993769328        5.40899991989136      -0.168714571024564     
   4.20699993769328        5.70949991544088      -0.154129310492481     
   4.20699993769328        6.00999991099040      -0.140472409631088     
   4.20699993769328        6.31049990653992      -0.127844135947789     
   4.20699993769328        6.61099990208944      -0.116761194083352     
   4.20699993769328        6.91149989763896      -0.107700772584789     
   4.20699993769328        7.21199989318848      -0.100111278709500     
   4.50749993324280       0.000000000000000E+000 -0.335536064273318     
   4.50749993324280       0.300499995549520      -0.366352380685305     
   4.50749993324280       0.600999991099040      -0.394907377503433     
   4.50749993324280       0.901499986648560      -0.417759749127264     
   4.50749993324280        1.20199998219808      -0.433213968572953     
   4.50749993324280        1.50249997774760      -0.441304624672913     
   4.50749993324280        1.80299997329712      -0.438154256031559     
   4.50749993324280        2.10349996884664      -0.422832146960519     
   4.50749993324280        2.40399996439616      -0.398293946508043     
   4.50749993324280        2.70449995994568      -0.369448248185385     
   4.50749993324280        3.00499995549520      -0.340500103866847     
   4.50749993324280        3.30549995104472      -0.313385777100124     
   4.50749993324280        3.60599994659424      -0.288012022601757     
   4.50749993324280        3.90649994214376      -0.263626594457857     
   4.50749993324280        4.20699993769328      -0.240028083844435     
   4.50749993324280        4.50749993324280      -0.217833656348763     
   4.50749993324280        4.80799992879232      -0.197873265666136     
   4.50749993324280        5.10849992434184      -0.180444168477640     
   4.50749993324280        5.40899991989136      -0.165103556319761     
   4.50749993324280        5.70949991544088      -0.151089077124167     
   4.50749993324280        6.00999991099040      -0.137939247484389     
   4.50749993324280        6.31049990653992      -0.125772445911174     
   4.50749993324280        6.61099990208944      -0.115007243545072     
   4.50749993324280        6.91149989763896      -0.105858992407265     
   4.50749993324280        7.21199989318848      -9.791203939645679E-002
   4.80799992879232       0.000000000000000E+000 -0.293033181983681     
   4.80799992879232       0.300499995549520      -0.319500762682076     
   4.80799992879232       0.600999991099040      -0.344493419523341     
   4.80799992879232       0.901499986648560      -0.366893320117787     
   4.80799992879232        1.20199998219808      -0.384556491907447     
   4.80799992879232        1.50249997774760      -0.394528469548765     
   4.80799992879232        1.80299997329712      -0.394376089337835     
   4.80799992879232        2.10349996884664      -0.384008119038220     
   4.80799992879232        2.40399996439616      -0.365930727757803     
   4.80799992879232        2.70449995994568      -0.343823897684187     
   4.80799992879232        3.00499995549520      -0.320677935390955     
   4.80799992879232        3.30549995104472      -0.297810084557057     
   4.80799992879232        3.60599994659424      -0.275237845359583     
   4.80799992879232        3.90649994214376      -0.252742827372093     
   4.80799992879232        4.20699993769328      -0.230641516327215     
   4.80799992879232        4.50749993324280      -0.209818672789852     
   4.80799992879232        4.80799992879232      -0.191135290601916     
   4.80799992879232        5.10849992434184      -0.174817333282667     
   4.80799992879232        5.40899991989136      -0.160385370773976     
   4.80799992879232        5.70949991544088      -0.147122528371206     
   4.80799992879232        6.00999991099040      -0.134634325338683     
   4.80799992879232        6.31049990653992      -0.123038228922409     
   4.80799992879232        6.61099990208944      -0.112678900176678     
   4.80799992879232        6.91149989763896      -0.103667937383618     
   4.80799992879232        7.21199989318848      -9.569019544312875E-002
   5.10849992434184       0.000000000000000E+000 -0.260266999477065     
   5.10849992434184       0.300499995549520      -0.282733156754306     
   5.10849992434184       0.600999991099040      -0.304430050201301     
   5.10849992434184       0.901499986648560      -0.324313112209671     
   5.10849992434184        1.20199998219808      -0.340158599810968     
   5.10849992434184        1.50249997774760      -0.349638691675286     
   5.10849992434184        1.80299997329712      -0.351221543625222     
   5.10849992434184        2.10349996884664      -0.345016213059704     
   5.10849992434184        2.40399996439616      -0.332742990518886     
   5.10849992434184        2.70449995994568      -0.316760017285951     
   5.10849992434184        3.00499995549520      -0.298903030540739     
   5.10849992434184        3.30549995104472      -0.279981894005294     
   5.10849992434184        3.60599994659424      -0.260165163094689     
   5.10849992434184        3.90649994214376      -0.239716027442792     
   5.10849992434184        4.20699993769328      -0.219391501524613     
   5.10849992434184        4.50749993324280      -0.200258309701199     
   5.10849992434184        4.80799992879232      -0.183131835556312     
   5.10849992434184        5.10849992434184      -0.168140015332825     
   5.10849992434184        5.40899991989136      -0.154790486482905     
   5.10849992434184        5.70949991544088      -0.142448028459400     
   5.10849992434184        6.00999991099040      -0.130800153920638     
   5.10849992434184        6.31049990653992      -0.119954468049562     
   5.10849992434184        6.61099990208944      -0.110167067360923     
   5.10849992434184        6.91149989763896      -0.101523547860270     
   5.10849992434184        7.21199989318848      -9.376606937142229E-002
   5.40899991989136       0.000000000000000E+000 -0.237122154874097     
   5.40899991989136       0.300499995549520      -0.255880962586873     
   5.40899991989136       0.600999991099040      -0.273750501934928     
   5.40899991989136       0.901499986648560      -0.289884790828245     
   5.40899991989136        1.20199998219808      -0.302609801904806     
   5.40899991989136        1.50249997774760      -0.310299132281609     
   5.40899991989136        1.80299997329712      -0.312379421191889     
   5.40899991989136        2.10349996884664      -0.309028904409612     
   5.40899991989136        2.40399996439616      -0.301148583740407     
   5.40899991989136        2.70449995994568      -0.289922032914222     
   5.40899991989136        3.00499995549520      -0.276251515909041     
   5.40899991989136        3.30549995104472      -0.260599455302480     
   5.40899991989136        3.60599994659424      -0.243306451339636     
   5.40899991989136        3.90649994214376      -0.225007033552895     
   5.40899991989136        4.20699993769328      -0.206725273685308     
   5.40899991989136        4.50749993324280      -0.189558985215396     
   5.40899991989136        4.80799992879232      -0.174200278630894     
   5.40899991989136        5.10849992434184      -0.160679562469011     
   5.40899991989136        5.40899991989136      -0.148538789763987     
   5.40899991989136        5.70949991544088      -0.137272141544633     
   5.40899991989136        6.00999991099040      -0.126660211270770     
   5.40899991989136        6.31049990653992      -0.116760257529122     
   5.40899991989136        6.61099990208944      -0.107735535797936     
   5.40899991989136        6.91149989763896      -9.960980233931208E-002
   5.40899991989136        7.21199989318848      -9.216585372164794E-002
   5.70949991544088       0.000000000000000E+000 -0.221566335753309     
   5.70949991544088       0.300499995549520      -0.236978945967086     
   5.70949991544088       0.600999991099040      -0.250778620097020     
   5.70949991544088       0.901499986648560      -0.262901326506275     
   5.70949991544088        1.20199998219808      -0.272343366251610     
   5.70949991544088        1.50249997774760      -0.277908323792975     
   5.70949991544088        1.80299997329712      -0.279339930037288     
   5.70949991544088        2.10349996884664      -0.277341842573457     
   5.70949991544088        2.40399996439616      -0.272177797591270     
   5.70949991544088        2.70449995994568      -0.264111512683264     
   5.70949991544088        3.00499995549520      -0.253392161698337     
   5.70949991544088        3.30549995104472      -0.240289878531986     
   5.70949991544088        3.60599994659424      -0.225299863224232     
   5.70949991544088        3.90649994214376      -0.209265353864017     
   5.70949991544088        4.20699993769328      -0.193255423944537     
   5.70949991544088        4.50749993324280      -0.178237823725504     
   5.70949991544088        4.80799992879232      -0.164736050336971     
   5.70949991544088        5.10849992434184      -0.152722662857538     
   5.70949991544088        5.40899991989136      -0.141842982547585     
   5.70949991544088        5.70949991544088      -0.131775936004747     
   5.70949991544088        6.00999991099040      -0.122341211781176     
   5.70949991544088        6.31049990653992      -0.113511349451735     
   5.70949991544088        6.61099990208944      -0.105385594479694     
   5.70949991544088        6.91149989763896      -9.792543828859493E-002
   5.70949991544088        7.21199989318848      -9.086743859251860E-002
   6.00999991099040       0.000000000000000E+000 -0.212267885928737     
   6.00999991099040       0.300499995549520      -0.224064826812807     
   6.00999991099040       0.600999991099040      -0.233157337729844     
   6.00999991099040       0.901499986648560      -0.241252963742648     
   6.00999991099040        1.20199998219808      -0.247648917498097     
   6.00999991099040        1.50249997774760      -0.251240955092930     
   6.00999991099040        1.80299997329712      -0.251749526407103     
   6.00999991099040        2.10349996884664      -0.249845453545620     
   6.00999991099040        2.40399996439616      -0.245947980947065     
   6.00999991099040        2.70449995994568      -0.239687410933726     
   6.00999991099040        3.00499995549520      -0.230901945905111     
   6.00999991099040        3.30549995104472      -0.219778664060761     
   6.00999991099040        3.60599994659424      -0.206959904316435     
   6.00999991099040        3.90649994214376      -0.193350193085519     
   6.00999991099040        4.20699993769328      -0.179772210616853     
   6.00999991099040        4.50749993324280      -0.166924521192097     
   6.00999991099040        4.80799992879232      -0.155188375624215     
   6.00999991099040        5.10849992434184      -0.144566890585283     
   6.00999991099040        5.40899991989136      -0.134889155374581     
   6.00999991099040        5.70949991544088      -0.126040912999143     
   6.00999991099040        6.00999991099040      -0.117795321105723     
   6.00999991099040        6.31049990653992      -0.110078395879681     
   6.00999991099040        6.61099990208944      -0.102947803372079     
   6.00999991099040        6.91149989763896      -9.633926639762082E-002
   6.00999991099040        7.21199989318848      -8.981514360759445E-002
   6.31049990653992       0.000000000000000E+000 -0.207842780596869     
   6.31049990653992       0.300499995549520      -0.214279855949500     
   6.31049990653992       0.600999991099040      -0.217631283837039     
   6.31049990653992       0.901499986648560      -0.222500311606067     
   6.31049990653992        1.20199998219808      -0.226596185060891     
   6.31049990653992        1.50249997774760      -0.228401656241913     
   6.31049990653992        1.80299997329712      -0.227940916085805     
   6.31049990653992        2.10349996884664      -0.225750579612890     
   6.31049990653992        2.40399996439616      -0.222270105330089     
   6.31049990653992        2.70449995994568      -0.216997914062359     
   6.31049990653992        3.00499995549520      -0.209388225089682     
   6.31049990653992        3.30549995104472      -0.199588288419099     
   6.31049990653992        3.60599994659424      -0.188778270648959     
   6.31049990653992        3.90649994214376      -0.177962767263821     
   6.31049990653992        4.20699993769328      -0.167108081801322     
   6.31049990653992        4.50749993324280      -0.156272366516427     
   6.31049990653992        4.80799992879232      -0.145979723351290     
   6.31049990653992        5.10849992434184      -0.136461078033457     
   6.31049990653992        5.40899991989136      -0.127831879408492     
   6.31049990653992        5.70949991544088      -0.120106460681881     
   6.31049990653992        6.00999991099040      -0.113009660327411     
   6.31049990653992        6.31049990653992      -0.106355294016772     
   6.31049990653992        6.61099990208944      -0.100158674491725     
   6.31049990653992        6.91149989763896      -9.457278364475011E-002
   6.31049990653992        7.21199989318848      -8.891362035345030E-002
   6.61099990208944       0.000000000000000E+000 -0.205023702944854     
   6.61099990208944       0.300499995549520      -0.202266682711618     
   6.61099990208944       0.600999991099040      -0.201170498994600     
   6.61099990208944       0.901499986648560      -0.205481098799368     
   6.61099990208944        1.20199998219808      -0.208052592135702     
   6.61099990208944        1.50249997774760      -0.208147580230732     
   6.61099990208944        1.80299997329712      -0.206654308407707     
   6.61099990208944        2.10349996884664      -0.204236320617887     
   6.61099990208944        2.40399996439616      -0.201038002438110     
   6.61099990208944        2.70449995994568      -0.196511451605356     
   6.61099990208944        3.00499995549520      -0.189833176419518     
   6.61099990208944        3.30549995104472      -0.181137805072363     
   6.61099990208944        3.60599994659424      -0.172398988928172     
   6.61099990208944        3.90649994214376      -0.164739478516672     
   6.61099990208944        4.20699993769328      -0.156404574240305     
   6.61099990208944        4.50749993324280      -0.146878092356558     
   6.61099990208944        4.80799992879232      -0.137371816657926     
   6.61099990208944        5.10849992434184      -0.128538863916287     
   6.61099990208944        5.40899991989136      -0.120770972664910     
   6.61099990208944        5.70949991544088      -0.114058072837109     
   6.61099990208944        6.00999991099040      -0.108100165035861     
   6.61099990208944        6.31049990653992      -0.102500049876719     
   6.61099990208944        6.61099990208944      -9.695174785406585E-002
   6.61099990208944        6.91149989763896      -9.216801480557757E-002
   6.61099990208944        7.21199989318848      -8.798371291533720E-002
   6.91149989763896       0.000000000000000E+000 -0.194217939916534     
   6.91149989763896       0.300499995549520      -0.185801670408381     
   6.91149989763896       0.600999991099040      -0.188184253178876     
   6.91149989763896       0.901499986648560      -0.191808596628608     
   6.91149989763896        1.20199998219808      -0.191687511772806     
   6.91149989763896        1.50249997774760      -0.189780565417138     
   6.91149989763896        1.80299997329712      -0.187346694045098     
   6.91149989763896        2.10349996884664      -0.184852817680791     
   6.91149989763896        2.40399996439616      -0.182245051710997     
   6.91149989763896        2.70449995994568      -0.178932918242990     
   6.91149989763896        3.00499995549520      -0.174205884806464     
   6.91149989763896        3.30549995104472      -0.167782147592596     
   6.91149989763896        3.60599994659424      -0.161526245430515     
   6.91149989763896        3.90649994214376      -0.155965127438068     
   6.91149989763896        4.20699993769328      -0.148467384895367     
   6.91149989763896        4.50749993324280      -0.138870066009194     
   6.91149989763896        4.80799992879232      -0.129296829977603     
   6.91149989763896        5.10849992434184      -0.120817440087941     
   6.91149989763896        5.40899991989136      -0.113732421648691     
   6.91149989763896        5.70949991544088      -0.107955275538842     
   6.91149989763896        6.00999991099040      -0.103190950968537     
   6.91149989763896        6.31049990653992      -9.897749850985611E-002
   6.91149989763896        6.61099990208944      -9.448235929127954E-002
   6.91149989763896        6.91149989763896      -8.963394885617691E-002
   6.91149989763896        7.21199989318848      -8.662363169702803E-002
   7.21199989318848       0.000000000000000E+000 -0.176504017972296     
   7.21199989318848       0.300499995549520      -0.183254670834645     
   7.21199989318848       0.600999991099040      -0.183344519814878     
   7.21199989318848       0.901499986648560      -0.179846710011666     
   7.21199989318848        1.20199998219808      -0.176009614883400     
   7.21199989318848        1.50249997774760      -0.172594352257303     
   7.21199989318848        1.80299997329712      -0.169731051034563     
   7.21199989318848        2.10349996884664      -0.167466093655588     
   7.21199989318848        2.40399996439616      -0.165682237118026     
   7.21199989318848        2.70449995994568      -0.164068643007249     
   7.21199989318848        3.00499995549520      -0.162200865498247     
   7.21199989318848        3.30549995104472      -0.158970803704437     
   7.21199989318848        3.60599994659424      -0.154137587826251     
   7.21199989318848        3.90649994214376      -0.147995602280280     
   7.21199989318848        4.20699993769328      -0.140581860779663     
   7.21199989318848        4.50749993324280      -0.130731513836199     
   7.21199989318848        4.80799992879232      -0.121183968471935     
   7.21199989318848        5.10849992434184      -0.113093307043156     
   7.21199989318848        5.40899991989136      -0.106694924041988     
   7.21199989318848        5.70949991544088      -0.101749866484722     
   7.21199989318848        6.00999991099040      -9.801104685039579E-002
   7.21199989318848        6.31049990653992      -9.517775015326237E-002
   7.21199989318848        6.61099990208944      -9.264969857214583E-002
   7.21199989318848        6.91149989763896      -8.888176162992653E-002
   7.21199989318848        7.21199989318848      -8.353423774496983E-002
