  0.000000000000000E+000  0.000000000000000E+000 -0.326772596835657     
  0.000000000000000E+000  0.300499995549520      -0.343920028858359     
  0.000000000000000E+000  0.600999991099040      -0.350531979247010     
  0.000000000000000E+000  0.901499986648560      -0.347483642696539     
  0.000000000000000E+000   1.20199998219808      -0.342948277460102     
  0.000000000000000E+000   1.50249997774760      -0.337250537698157     
  0.000000000000000E+000   1.80299997329712      -0.329780736953067     
  0.000000000000000E+000   2.10349996884664      -0.320873752153244     
  0.000000000000000E+000   2.40399996439616      -0.311573744667213     
  0.000000000000000E+000   2.70449995994568      -0.301417873144688     
  0.000000000000000E+000   3.00499995549520      -0.290083648749204     
  0.000000000000000E+000   3.30549995104472      -0.279669914828491     
  0.000000000000000E+000   3.60599994659424      -0.264055810159797     
  0.000000000000000E+000   3.90649994214376      -0.247214334897445     
  0.000000000000000E+000   4.20699993769328      -0.225713871798737     
  0.000000000000000E+000   4.50749993324280      -0.197934811318090     
  0.000000000000000E+000   4.80799992879232      -0.172401643344489     
  0.000000000000000E+000   5.10849992434184      -0.152097896379070     
  0.000000000000000E+000   5.40899991989136      -0.137553513360656     
  0.000000000000000E+000   5.70949991544088      -0.127902788872918     
  0.000000000000000E+000   6.00999991099040      -0.122414782755204     
  0.000000000000000E+000   6.31049990653992      -0.120120637922330     
  0.000000000000000E+000   6.61099990208944      -0.118806564772507     
  0.000000000000000E+000   6.91149989763896      -0.112512024571832     
  0.000000000000000E+000   7.21199989318848      -0.102566156767592     
  0.300499995549520       0.000000000000000E+000 -0.343915925017609     
  0.300499995549520       0.300499995549520      -0.323412843507142     
  0.300499995549520       0.600999991099040      -0.347855780742462     
  0.300499995549520       0.901499986648560      -0.371025438641602     
  0.300499995549520        1.20199998219808      -0.378912267278710     
  0.300499995549520        1.50249997774760      -0.377422346217534     
  0.300499995549520        1.80299997329712      -0.370364979736033     
  0.300499995549520        2.10349996884664      -0.359479243744347     
  0.300499995549520        2.40399996439616      -0.347385064100789     
  0.300499995549520        2.70449995994568      -0.333220954178481     
  0.300499995549520        3.00499995549520      -0.313245336908231     
  0.300499995549520        3.30549995104472      -0.291208886131863     
  0.300499995549520        3.60599994659424      -0.273393683659729     
  0.300499995549520        3.90649994214376      -0.256374789616826     
  0.300499995549520        4.20699993769328      -0.233271637023238     
  0.300499995549520        4.50749993324280      -0.205885096897751     
  0.300499995549520        4.80799992879232      -0.180477102244333     
  0.300499995549520        5.10849992434184      -0.159846595179569     
  0.300499995549520        5.40899991989136      -0.144383103884235     
  0.300499995549520        5.70949991544088      -0.133401940861786     
  0.300499995549520        6.00999991099040      -0.126005678730530     
  0.300499995549520        6.31049990653992      -0.120865210203188     
  0.300499995549520        6.61099990208944      -0.115489211626997     
  0.300499995549520        6.91149989763896      -0.108858116892219     
  0.300499995549520        7.21199989318848      -0.105488607882258     
  0.600999991099040       0.000000000000000E+000 -0.350527367520227     
  0.600999991099040       0.300499995549520      -0.347854340334239     
  0.600999991099040       0.600999991099040      -0.366335031499571     
  0.600999991099040       0.901499986648560      -0.395220506972463     
  0.600999991099040        1.20199998219808      -0.411436430557069     
  0.600999991099040        1.50249997774760      -0.414716930803774     
  0.600999991099040        1.80299997329712      -0.408794126900440     
  0.600999991099040        2.10349996884664      -0.396529422126563     
  0.600999991099040        2.40399996439616      -0.381396726993187     
  0.600999991099040        2.70449995994568      -0.364931747141911     
  0.600999991099040        3.00499995549520      -0.339945323681362     
  0.600999991099040        3.30549995104472      -0.309571888699288     
  0.600999991099040        3.60599994659424      -0.281504576192737     
  0.600999991099040        3.90649994214376      -0.257862247851892     
  0.600999991099040        4.20699993769328      -0.233654795655812     
  0.600999991099040        4.50749993324280      -0.208360596496438     
  0.600999991099040        4.80799992879232      -0.185154607723233     
  0.600999991099040        5.10849992434184      -0.165583711667299     
  0.600999991099040        5.40899991989136      -0.149926238308244     
  0.600999991099040        5.70949991544088      -0.137942491423117     
  0.600999991099040        6.00999991099040      -0.128820969894946     
  0.600999991099040        6.31049990653992      -0.121425057334632     
  0.600999991099040        6.61099990208944      -0.114753977368487     
  0.600999991099040        6.91149989763896      -0.109757921045034     
  0.600999991099040        7.21199989318848      -0.104551705661334     
  0.901499986648560       0.000000000000000E+000 -0.347481039645526     
  0.901499986648560       0.300499995549520      -0.371025219489163     
  0.901499986648560       0.600999991099040      -0.395221695829763     
  0.901499986648560       0.901499986648560      -0.421729234419833     
  0.901499986648560        1.20199998219808      -0.439819565615977     
  0.901499986648560        1.50249997774760      -0.445858300836369     
  0.901499986648560        1.80299997329712      -0.440970233550956     
  0.901499986648560        2.10349996884664      -0.427399467514785     
  0.901499986648560        2.40399996439616      -0.411288407656810     
  0.901499986648560        2.70449995994568      -0.391570853525311     
  0.901499986648560        3.00499995549520      -0.364589188936167     
  0.901499986648560        3.30549995104472      -0.330511688691782     
  0.901499986648560        3.60599994659424      -0.295534428722398     
  0.901499986648560        3.90649994214376      -0.263985907472610     
  0.901499986648560        4.20699993769328      -0.235839894366489     
  0.901499986648560        4.50749993324280      -0.210597405407834     
  0.901499986648560        4.80799992879232      -0.188707854785215     
  0.901499986648560        5.10849992434184      -0.170008243580057     
  0.901499986648560        5.40899991989136      -0.154340785660507     
  0.901499986648560        5.70949991544088      -0.141749108338837     
  0.901499986648560        6.00999991099040      -0.131587222341971     
  0.901499986648560        6.31049990653992      -0.123175243115264     
  0.901499986648560        6.61099990208944      -0.116116421583262     
  0.901499986648560        6.91149989763896      -0.110033339837425     
  0.901499986648560        7.21199989318848      -0.102714945181779     
   1.20199998219808       0.000000000000000E+000 -0.342946818859211     
   1.20199998219808       0.300499995549520      -0.378914443595287     
   1.20199998219808       0.600999991099040      -0.411441040375388     
   1.20199998219808       0.901499986648560      -0.439823569423566     
   1.20199998219808        1.20199998219808      -0.459271873977551     
   1.20199998219808        1.50249997774760      -0.466934206249957     
   1.20199998219808        1.80299997329712      -0.462488563322372     
   1.20199998219808        2.10349996884664      -0.450186287771115     
   1.20199998219808        2.40399996439616      -0.434214934961002     
   1.20199998219808        2.70449995994568      -0.411139205128960     
   1.20199998219808        3.00499995549520      -0.380629111416290     
   1.20199998219808        3.30549995104472      -0.344703496910127     
   1.20199998219808        3.60599994659424      -0.306805336710006     
   1.20199998219808        3.90649994214376      -0.271172174703358     
   1.20199998219808        4.20699993769328      -0.240090749471045     
   1.20199998219808        4.50749993324280      -0.213911729022435     
   1.20199998219808        4.80799992879232      -0.191972140564666     
   1.20199998219808        5.10849992434184      -0.173466443215745     
   1.20199998219808        5.40899991989136      -0.157802163370349     
   1.20199998219808        5.70949991544088      -0.144781987169674     
   1.20199998219808        6.00999991099040      -0.133912650159831     
   1.20199998219808        6.31049990653992      -0.124671082099077     
   1.20199998219808        6.61099990208944      -0.116621989129878     
   1.20199998219808        6.91149989763896      -0.109064202701525     
   1.20199998219808        7.21199989318848      -0.100832776559806     
   1.50249997774760       0.000000000000000E+000 -0.337249548654533     
   1.50249997774760       0.300499995549520      -0.377427013788117     
   1.50249997774760       0.600999991099040      -0.414725682158911     
   1.50249997774760       0.901499986648560      -0.445867504330394     
   1.50249997774760        1.20199998219808      -0.466939849613591     
   1.50249997774760        1.50249997774760      -0.475267196063144     
   1.50249997774760        1.80299997329712      -0.472098737281686     
   1.50249997774760        2.10349996884664      -0.463403944839350     
   1.50249997774760        2.40399996439616      -0.447195539175481     
   1.50249997774760        2.70449995994568      -0.421973761704748     
   1.50249997774760        3.00499995549520      -0.388888307108860     
   1.50249997774760        3.30549995104472      -0.351007605640061     
   1.50249997774760        3.60599994659424      -0.312158415810204     
   1.50249997774760        3.90649994214376      -0.275761523807649     
   1.50249997774760        4.20699993769328      -0.243887061555879     
   1.50249997774760        4.50749993324280      -0.217044790545607     
   1.50249997774760        4.80799992879232      -0.194728589156895     
   1.50249997774760        5.10849992434184      -0.176081611733614     
   1.50249997774760        5.40899991989136      -0.160332358667494     
   1.50249997774760        5.70949991544088      -0.146955161946511     
   1.50249997774760        6.00999991099040      -0.135485975980680     
   1.50249997774760        6.31049990653992      -0.125418915570238     
   1.50249997774760        6.61099990208944      -0.116338217254639     
   1.50249997774760        6.91149989763896      -0.107758240741420     
   1.50249997774760        7.21199989318848      -9.918179685736069E-002
   1.80299997329712       0.000000000000000E+000 -0.329780029974289     
   1.80299997329712       0.300499995549520      -0.370371559374771     
   1.80299997329712       0.600999991099040      -0.408806070406362     
   1.80299997329712       0.901499986648560      -0.440983423958248     
   1.80299997329712        1.20199998219808      -0.462498533618060     
   1.80299997329712        1.50249997774760      -0.472103204983694     
   1.80299997329712        1.80299997329712      -0.473439703483011     
   1.80299997329712        2.10349996884664      -0.465851072953655     
   1.80299997329712        2.40399996439616      -0.448381346036859     
   1.80299997329712        2.70449995994568      -0.421619618581516     
   1.80299997329712        3.00499995549520      -0.387822571912227     
   1.80299997329712        3.30549995104472      -0.350272181622385     
   1.80299997329712        3.60599994659424      -0.312382190919150     
   1.80299997329712        3.90649994214376      -0.276919771846502     
   1.80299997329712        4.20699993769328      -0.245551169093216     
   1.80299997329712        4.50749993324280      -0.218817586847197     
   1.80299997329712        4.80799992879232      -0.196442606849282     
   1.80299997329712        5.10849992434184      -0.177733288771755     
   1.80299997329712        5.40899991989136      -0.161907050282090     
   1.80299997329712        5.70949991544088      -0.148282002165900     
   1.80299997329712        6.00999991099040      -0.136321705749791     
   1.80299997329712        6.31049990653992      -0.125576732421762     
   1.80299997329712        6.61099990208944      -0.115731265563954     
   1.80299997329712        6.91149989763896      -0.106554951964020     
   1.80299997329712        7.21199989318848      -9.786281357944704E-002
   2.10349996884664       0.000000000000000E+000 -0.320873204147718     
   2.10349996884664       0.300499995549520      -0.359486788747325     
   2.10349996884664       0.600999991099040      -0.396542727705689     
   2.10349996884664       0.901499986648560      -0.427413783540484     
   2.10349996884664        1.20199998219808      -0.450197264801966     
   2.10349996884664        1.50249997774760      -0.463409465185692     
   2.10349996884664        1.80299997329712      -0.465852080941044     
   2.10349996884664        2.10349996884664      -0.457057655965810     
   2.10349996884664        2.40399996439616      -0.437821280967586     
   2.10349996884664        2.70449995994568      -0.410247302994865     
   2.10349996884664        3.00499995549520      -0.377253364007490     
   2.10349996884664        3.30549995104472      -0.341877924772408     
   2.10349996884664        3.60599994659424      -0.306746639233730     
   2.10349996884664        3.90649994214376      -0.273796691207976     
   2.10349996884664        4.20699993769328      -0.244211060261082     
   2.10349996884664        4.50749993324280      -0.218503785634672     
   2.10349996884664        4.80799992879232      -0.196648103621798     
   2.10349996884664        5.10849992434184      -0.178206265793913     
   2.10349996884664        5.40899991989136      -0.162498429922762     
   2.10349996884664        5.70949991544088      -0.148805218147418     
   2.10349996884664        6.00999991099040      -0.136542794777547     
   2.10349996884664        6.31049990653992      -0.125343939588839     
   2.10349996884664        6.61099990208944      -0.115035356442813     
   2.10349996884664        6.91149989763896      -0.105574130769723     
   2.10349996884664        7.21199989318848      -9.690599206749313E-002
   2.40399996439616       0.000000000000000E+000 -0.311572705137233     
   2.40399996439616       0.300499995549520      -0.347393275963075     
   2.40399996439616       0.600999991099040      -0.381410788996391     
   2.40399996439616       0.901499986648560      -0.411302280550055     
   2.40399996439616        1.20199998219808      -0.434223940223773     
   2.40399996439616        1.50249997774760      -0.447198071241568     
   2.40399996439616        1.80299997329712      -0.448379017444350     
   2.40399996439616        2.10349996884664      -0.437817984052653     
   2.40399996439616        2.40399996439616      -0.417420434168563     
   2.40399996439616        2.70449995994568      -0.390217800819503     
   2.40399996439616        3.00499995549520      -0.359377825985746     
   2.40399996439616        3.30549995104472      -0.327463624595662     
   2.40399996439616        3.60599994659424      -0.296228064981762     
   2.40399996439616        3.90649994214376      -0.266784268021045     
   2.40399996439616        4.20699993769328      -0.239847956943548     
   2.40399996439616        4.50749993324280      -0.215892337797737     
   2.40399996439616        4.80799992879232      -0.195116011335776     
   2.40399996439616        5.10849992434184      -0.177336220651011     
   2.40399996439616        5.40899991989136      -0.162016632924269     
   2.40399996439616        5.70949991544088      -0.148472800197542     
   2.40399996439616        6.00999991099040      -0.136138985587788     
   2.40399996439616        6.31049990653992      -0.124730370392447     
   2.40399996439616        6.61099990208944      -0.114221434131986     
   2.40399996439616        6.91149989763896      -0.104708628524171     
   2.40399996439616        7.21199989318848      -9.624391220743043E-002
   2.70449995994568       0.000000000000000E+000 -0.301416265082138     
   2.70449995994568       0.300499995549520      -0.333231688733761     
   2.70449995994568       0.600999991099040      -0.364949655954534     
   2.70449995994568       0.901499986648560      -0.391585323354329     
   2.70449995994568        1.20199998219808      -0.411144457475160     
   2.70449995994568        1.50249997774760      -0.421970309548642     
   2.70449995994568        1.80299997329712      -0.421610777458560     
   2.70449995994568        2.10349996884664      -0.410237795148860     
   2.70449995994568        2.40399996439616      -0.390211955143368     
   2.70449995994568        2.70449995994568      -0.364879930267302     
   2.70449995994568        3.00499995549520      -0.337308223477897     
   2.70449995994568        3.30549995104472      -0.309537263297644     
   2.70449995994568        3.60599994659424      -0.282588008968483     
   2.70449995994568        3.90649994214376      -0.256937729513764     
   2.70449995994568        4.20699993769328      -0.232974225137882     
   2.70449995994568        4.50749993324280      -0.211158570124946     
   2.70449995994568        4.80799992879232      -0.191854559216779     
   2.70449995994568        5.10849992434184      -0.175067518187391     
   2.70449995994568        5.40899991989136      -0.160386945191725     
   2.70449995994568        5.70949991544088      -0.147196725351996     
   2.70449995994568        6.00999991099040      -0.134996727041757     
   2.70449995994568        6.31049990653992      -0.123592968967477     
   2.70449995994568        6.61099990208944      -0.113082935214692     
   2.70449995994568        6.91149989763896      -0.103803253557267     
   2.70449995994568        7.21199989318848      -9.584368324702565E-002
   3.00499995549520       0.000000000000000E+000 -0.290084182653588     
   3.00499995549520       0.300499995549520      -0.313263058857937     
   3.00499995549520       0.600999991099040      -0.339970731818003     
   3.00499995549520       0.901499986648560      -0.364606628567406     
   3.00499995549520        1.20199998219808      -0.380630690267151     
   3.00499995549520        1.50249997774760      -0.388878055461754     
   3.00499995549520        1.80299997329712      -0.387806638785884     
   3.00499995549520        2.10349996884664      -0.377237525403397     
   3.00499995549520        2.40399996439616      -0.359366438884609     
   3.00499995549520        2.70449995994568      -0.337303046617770     
   3.00499995549520        3.00499995549520      -0.313745601379148     
   3.00499995549520        3.30549995104472      -0.290274769675034     
   3.00499995549520        3.60599994659424      -0.267430308590388     
   3.00499995549520        3.90649994214376      -0.245329613388686     
   3.00499995549520        4.20699993769328      -0.224234738013612     
   3.00499995549520        4.50749993324280      -0.204645474666638     
   3.00499995549520        4.80799992879232      -0.187013974805066     
   3.00499995549520        5.10849992434184      -0.171434974193165     
   3.00499995549520        5.40899991989136      -0.157576862479280     
   3.00499995549520        5.70949991544088      -0.144905334644868     
   3.00499995549520        6.00999991099040      -0.133024901145339     
   3.00499995549520        6.31049990653992      -0.121838874873177     
   3.00499995549520        6.61099990208944      -0.111558391545649     
   3.00499995549520        6.91149989763896      -0.102756992023555     
   3.00499995549520        7.21199989318848      -9.561539146249266E-002
   3.30549995104472       0.000000000000000E+000 -0.279676522560124     
   3.30549995104472       0.300499995549520      -0.291236620573841     
   3.30549995104472       0.600999991099040      -0.309603540075808     
   3.30549995104472       0.901499986648560      -0.330529267095674     
   3.30549995104472        1.20199998219808      -0.344701365191031     
   3.30549995104472        1.50249997774760      -0.350991605894658     
   3.30549995104472        1.80299997329712      -0.350251166672713     
   3.30549995104472        2.10349996884664      -0.341858291217392     
   3.30549995104472        2.40399996439616      -0.327449431478669     
   3.30549995104472        2.70449995994568      -0.309529679795474     
   3.30549995104472        3.00499995549520      -0.290272358031110     
   3.30549995104472        3.30549995104472      -0.270888625558855     
   3.30549995104472        3.60599994659424      -0.251679765214068     
   3.30549995104472        3.90649994214376      -0.232659288079303     
   3.30549995104472        4.20699993769328      -0.214142481890790     
   3.30549995104472        4.50749993324280      -0.196701477315638     
   3.30549995104472        4.80799992879232      -0.180801175198532     
   3.30549995104472        5.10849992434184      -0.166533774717081     
   3.30549995104472        5.40899991989136      -0.153601132533963     
   3.30549995104472        5.70949991544088      -0.141561744827980     
   3.30549995104472        6.00999991099040      -0.130161295860196     
   3.30549995104472        6.31049990653992      -0.119396130798256     
   3.30549995104472        6.61099990208944      -0.109536993126044     
   3.30549995104472        6.91149989763896      -0.101424646830477     
   3.30549995104472        7.21199989318848      -9.512215586398209E-002
   3.60599994659424       0.000000000000000E+000 -0.264063623922418     
   3.60599994659424       0.300499995549520      -0.273416473277043     
   3.60599994659424       0.600999991099040      -0.281527082687681     
   3.60599994659424       0.901499986648560      -0.295542981253195     
   3.60599994659424        1.20199998219808      -0.306796799352512     
   3.60599994659424        1.50249997774760      -0.312138565016308     
   3.60599994659424        1.80299997329712      -0.312359497811219     
   3.60599994659424        2.10349996884664      -0.306726959314238     
   3.60599994659424        2.40399996439616      -0.296214628835430     
   3.60599994659424        2.70449995994568      -0.282581205122330     
   3.60599994659424        3.00499995549520      -0.267428288855950     
   3.60599994659424        3.30549995104472      -0.251679816929774     
   3.60599994659424        3.60599994659424      -0.235583961707290     
   3.60599994659424        3.90649994214376      -0.219228175632106     
   3.60599994659424        4.20699993769328      -0.203047749720533     
   3.60599994659424        4.50749993324280      -0.187655483771826     
   3.60599994659424        4.80799992879232      -0.173466554863802     
   3.60599994659424        5.10849992434184      -0.160520680130843     
   3.60599994659424        5.40899991989136      -0.148538538514375     
   3.60599994659424        5.70949991544088      -0.137187778380563     
   3.60599994659424        6.00999991099040      -0.126377347997491     
   3.60599994659424        6.31049990653992      -0.116205214824612     
   3.60599994659424        6.61099990208944      -0.107025582827501     
   3.60599994659424        6.91149989763896      -9.983252856021134E-002
   3.60599994659424        7.21199989318848      -9.431920047193136E-002
   3.90649994214376       0.000000000000000E+000 -0.247215107557115     
   3.90649994214376       0.300499995549520      -0.256372856298406     
   3.90649994214376       0.600999991099040      -0.257861492000939     
   3.90649994214376       0.901499986648560      -0.263978921382234     
   3.90649994214376        1.20199998219808      -0.271156248832930     
   3.90649994214376        1.50249997774760      -0.275740264996016     
   3.90649994214376        1.80299997329712      -0.276898717022817     
   3.90649994214376        2.10349996884664      -0.273780129076243     
   3.90649994214376        2.40399996439616      -0.266774197728867     
   3.90649994214376        2.70449995994568      -0.256933689969925     
   3.90649994214376        3.00499995549520      -0.245329444341618     
   3.90649994214376        3.30549995104472      -0.232660452036887     
   3.90649994214376        3.60599994659424      -0.219228958754489     
   3.90649994214376        3.90649994214376      -0.205279740097119     
   3.90649994214376        4.20699993769328      -0.191306100969463     
   3.90649994214376        4.50749993324280      -0.177874508178001     
   3.90649994214376        4.80799992879232      -0.165316381513074     
   3.90649994214376        5.10849992434184      -0.153621897267662     
   3.90649994214376        5.40899991989136      -0.142552653280510     
   3.90649994214376        5.70949991544088      -0.131901081052403     
   3.90649994214376        6.00999991099040      -0.121724103121794     
   3.90649994214376        6.31049990653992      -0.112243635203003     
   3.90649994214376        6.61099990208944      -0.103824087980403     
   3.90649994214376        6.91149989763896      -9.700388130911282E-002
   3.90649994214376        7.21199989318848      -9.096691604420651E-002
   4.20699993769328       0.000000000000000E+000 -0.225705786412186     
   4.20699993769328       0.300499995549520      -0.233256471022254     
   4.20699993769328       0.600999991099040      -0.233638439964168     
   4.20699993769328       0.901499986648560      -0.235822175575994     
   4.20699993769328        1.20199998219808      -0.240071287989870     
   4.20699993769328        1.50249997774760      -0.243867137505447     
   4.20699993769328        1.80299997329712      -0.245533882567559     
   4.20699993769328        2.10349996884664      -0.244199015723053     
   4.20699993769328        2.40399996439616      -0.239841913922203     
   4.20699993769328        2.70449995994568      -0.232973030375683     
   4.20699993769328        3.00499995549520      -0.224236145770804     
   4.20699993769328        3.30549995104472      -0.214144320709417     
   4.20699993769328        3.60599994659424      -0.203048809698352     
   4.20699993769328        3.90649994214376      -0.191306322313486     
   4.20699993769328        4.20699993769328      -0.179392179214657     
   4.20699993769328        4.50749993324280      -0.167769430941042     
   4.20699993769328        4.80799992879232      -0.156684081407053     
   4.20699993769328        5.10849992434184      -0.146111402276418     
   4.20699993769328        5.40899991989136      -0.135888479221111     
   4.20699993769328        5.70949991544088      -0.125936356064602     
   4.20699993769328        6.00999991099040      -0.116411471106341     
   4.20699993769328        6.31049990653992      -0.107619261522084     
   4.20699993769328        6.61099990208944      -9.983153246265766E-002
   4.20699993769328        6.91149989763896      -9.325814519401114E-002
   4.20699993769328        7.21199989318848      -8.737103677714932E-002
   4.50749993324280       0.000000000000000E+000 -0.197924241372110     
   4.50749993324280       0.300499995549520      -0.205869317460942     
   4.50749993324280       0.600999991099040      -0.208342168818506     
   4.50749993324280       0.901499986648560      -0.210578730763280     
   4.50749993324280        1.20199998219808      -0.213893495575074     
   4.50749993324280        1.50249997774760      -0.217028140550533     
   4.50749993324280        1.80299997329712      -0.218804590671539     
   4.50749993324280        2.10349996884664      -0.218495810579574     
   4.50749993324280        2.40399996439616      -0.215889239639256     
   4.50749993324280        2.70449995994568      -0.211158854338464     
   4.50749993324280        3.00499995549520      -0.204647110069773     
   4.50749993324280        3.30549995104472      -0.196702836035813     
   4.50749993324280        3.60599994659424      -0.187655900565273     
   4.50749993324280        3.90649994214376      -0.177874222537261     
   4.50749993324280        4.20699993769328      -0.167769068699509     
   4.50749993324280        4.50749993324280      -0.157701804737584     
   4.50749993324280        4.80799992879232      -0.147864769558792     
   4.50749993324280        5.10849992434184      -0.138262712758365     
   4.50749993324280        5.40899991989136      -0.128832240272350     
   4.50749993324280        5.70949991544088      -0.119606629351159     
   4.50749993324280        6.00999991099040      -0.110791429326743     
   4.50749993324280        6.31049990653992      -0.102670039615487     
   4.50749993324280        6.61099990208944      -9.541133561378867E-002
   4.50749993324280        6.91149989763896      -8.903430237204392E-002
   4.50749993324280        7.21199989318848      -8.318934079709893E-002
   4.80799992879232       0.000000000000000E+000 -0.172392444130639     
   4.80799992879232       0.300499995549520      -0.180465337430537     
   4.80799992879232       0.600999991099040      -0.185140572431409     
   4.80799992879232       0.901499986648560      -0.188692772010954     
   4.80799992879232        1.20199998219808      -0.191957334805927     
   4.80799992879232        1.50249997774760      -0.194715724577450     
   4.80799992879232        1.80299997329712      -0.196433189266178     
   4.80799992879232        2.10349996884664      -0.196642731399419     
   4.80799992879232        2.40399996439616      -0.195114091983292     
   4.80799992879232        2.70449995994568      -0.191854657302930     
   4.80799992879232        3.00499995549520      -0.187014535343805     
   4.80799992879232        3.30549995104472      -0.180801193828697     
   4.80799992879232        3.60599994659424      -0.173465843982942     
   4.80799992879232        3.90649994214376      -0.165315353892428     
   4.80799992879232        4.20699993769328      -0.156683270618671     
   4.80799992879232        4.50749993324280      -0.147864428605210     
   4.80799992879232        4.80799992879232      -0.139044899722390     
   4.80799992879232        5.10849992434184      -0.130294449400935     
   4.80799992879232        5.40899991989136      -0.121649403836151     
   4.80799992879232        5.70949991544088      -0.113215176791629     
   4.80799992879232        6.00999991099040      -0.105192250022945     
   4.80799992879232        6.31049990653992      -9.778953753258113E-002
   4.80799992879232        6.61099990208944      -9.108886392054728E-002
   4.80799992879232        6.91149989763896      -8.499014278722550E-002
   4.80799992879232        7.21199989318848      -7.929470964146972E-002
   5.10849992434184       0.000000000000000E+000 -0.152091225294502     
   5.10849992434184       0.300499995549520      -0.159838750501935     
   5.10849992434184       0.600999991099040      -0.165573972252224     
   5.10849992434184       0.901499986648560      -0.169997164272878     
   5.10849992434184        1.20199998219808      -0.173455400383682     
   5.10849992434184        1.50249997774760      -0.176072105747988     
   5.10849992434184        1.80299997329712      -0.177726353575067     
   5.10849992434184        2.10349996884664      -0.178202087248087     
   5.10849992434184        2.40399996439616      -0.177334150821294     
   5.10849992434184        2.70449995994568      -0.175066477712630     
   5.10849992434184        3.00499995549520      -0.171434007012132     
   5.10849992434184        3.30549995104472      -0.166532445186777     
   5.10849992434184        3.60599994659424      -0.160519116629642     
   5.10849992434184        3.90649994214376      -0.153620515331085     
   5.10849992434184        4.20699993769328      -0.146110532943786     
   5.10849992434184        4.50749993324280      -0.138262385159832     
   5.10849992434184        4.80799992879232      -0.130294429229688     
   5.10849992434184        5.10849992434184      -0.122351143432206     
   5.10849992434184        5.40899991989136      -0.114539876615250     
   5.10849992434184        5.70949991544088      -0.106981673450950     
   5.10849992434184        6.00999991099040      -9.981700327537321E-002
   5.10849992434184        6.31049990653992      -9.315272535261168E-002
   5.10849992434184        6.61099990208944      -8.700374517803441E-002
   5.10849992434184        6.91149989763896      -8.131288137126610E-002
   5.10849992434184        7.21199989318848      -7.591664481456231E-002
   5.40899991989136       0.000000000000000E+000 -0.137549136772996     
   5.40899991989136       0.300499995549520      -0.144378155153945     
   5.40899991989136       0.600999991099040      -0.149919934003180     
   5.40899991989136       0.901499986648560      -0.154333371041205     
   5.40899991989136        1.20199998219808      -0.157794553129384     
   5.40899991989136        1.50249997774760      -0.160325601273798     
   5.40899991989136        1.80299997329712      -0.161901812927972     
   5.40899991989136        2.10349996884664      -0.162494741206724     
   5.40899991989136        2.40399996439616      -0.162014030082921     
   5.40899991989136        2.70449995994568      -0.160384819968147     
   5.40899991989136        3.00499995549520      -0.157574813282463     
   5.40899991989136        3.30549995104472      -0.153599132563552     
   5.40899991989136        3.60599994659424      -0.148536844443022     
   5.40899991989136        3.90649994214376      -0.142551544695120     
   5.40899991989136        4.20699993769328      -0.135888026402474     
   5.40899991989136        4.50749993324280      -0.128832257334895     
   5.40899991989136        4.80799992879232      -0.121649586583831     
   5.40899991989136        5.10849992434184      -0.114539994670394     
   5.40899991989136        5.40899991989136      -0.107635059562462     
   5.40899991989136        5.70949991544088      -0.101018623962458     
   5.40899991989136        6.00999991099040      -9.473510726926941E-002
   5.40899991989136        6.31049990653992      -8.881254732095151E-002
   5.40899991989136        6.61099990208944      -8.326557995371550E-002
   5.40899991989136        6.91149989763896      -7.802510858758946E-002
   5.40899991989136        7.21199989318848      -7.299870594227165E-002
   5.70949991544088       0.000000000000000E+000 -0.127899994726019     
   5.70949991544088       0.300499995549520      -0.133398945384282     
   5.70949991544088       0.600999991099040      -0.137938668018615     
   5.70949991544088       0.901499986648560      -0.141744531809247     
   5.70949991544088        1.20199998219808      -0.144777194864856     
   5.70949991544088        1.50249997774760      -0.146950717972832     
   5.70949991544088        1.80299997329712      -0.148278174014178     
   5.70949991544088        2.10349996884664      -0.148802008102561     
   5.70949991544088        2.40399996439616      -0.148470010846974     
   5.70949991544088        2.70449995994568      -0.147194166067784     
   5.70949991544088        3.00499995549520      -0.144902992891273     
   5.70949991544088        3.30549995104472      -0.141559811051176     
   5.70949991544088        3.60599994659424      -0.137186510933851     
   5.70949991544088        3.90649994214376      -0.131900589496252     
   5.70949991544088        4.20699993769328      -0.125936478132201     
   5.70949991544088        4.50749993324280      -0.119607024055779     
   5.70949991544088        4.80799992879232      -0.113215532237351     
   5.70949991544088        5.10849992434184      -0.106981851575170     
   5.70949991544088        5.40899991989136      -0.101018662697453     
   5.70949991544088        5.70949991544088      -9.534465688403469E-002
   5.70949991544088        6.00999991099040      -8.993000359468177E-002
   5.70949991544088        6.31049990653992      -8.477778910430656E-002
   5.70949991544088        6.61099990208944      -7.985541453004692E-002
   5.70949991544088        6.91149989763896      -7.509973768942749E-002
   5.70949991544088        7.21199989318848      -7.046121487507102E-002
   6.00999991099040       0.000000000000000E+000 -0.122412615919061     
   6.00999991099040       0.300499995549520      -0.126003670353325     
   6.00999991099040       0.600999991099040      -0.128818681005562     
   6.00999991099040       0.901499986648560      -0.131584633097586     
   6.00999991099040        1.20199998219808      -0.133909980691561     
   6.00999991099040        1.50249997774760      -0.135483426104546     
   6.00999991099040        1.80299997329712      -0.136319268291673     
   6.00999991099040        2.10349996884664      -0.136540326311874     
   6.00999991099040        2.40399996439616      -0.136136517918829     
   6.00999991099040        2.70449995994568      -0.134994336791388     
   6.00999991099040        3.00499995549520      -0.133022746928525     
   6.00999991099040        3.30549995104472      -0.130159625262788     
   6.00999991099040        3.60599994659424      -0.126376451724496     
   6.00999991099040        3.90649994214376      -0.121724039774956     
   6.00999991099040        4.20699993769328      -0.116411931632868     
   6.00999991099040        4.50749993324280      -0.110791957074658     
   6.00999991099040        4.80799992879232      -0.105192575402064     
   6.00999991099040        5.10849992434184      -9.981710547569894E-002
   6.00999991099040        5.40899991989136      -9.473510479743925E-002
   6.00999991099040        5.70949991544088      -8.992998473505727E-002
   6.00999991099040        6.00999991099040      -8.535822148265618E-002
   6.00999991099040        6.31049990653992      -8.096258716638671E-002
   6.00999991099040        6.61099990208944      -7.666539766068571E-002
   6.00999991099040        6.91149989763896      -7.240284878770209E-002
   6.00999991099040        7.21199989318848      -6.816451963799830E-002
   6.31049990653992       0.000000000000000E+000 -0.120118092487073     
   6.31049990653992       0.300499995549520      -0.120863198545566     
   6.31049990653992       0.600999991099040      -0.121423471496002     
   6.31049990653992       0.901499986648560      -0.123173934370976     
   6.31049990653992        1.20199998219808      -0.124669907258937     
   6.31049990653992        1.50249997774760      -0.125417776712825     
   6.31049990653992        1.80299997329712      -0.125575488298549     
   6.31049990653992        2.10349996884664      -0.125342342915759     
   6.31049990653992        2.40399996439616      -0.124728464205904     
   6.31049990653992        2.70449995994568      -0.123590924887723     
   6.31049990653992        3.00499995549520      -0.121836857629416     
   6.31049990653992        3.30549995104472      -0.119394524790689     
   6.31049990653992        3.60599994659424      -0.116204453030507     
   6.31049990653992        3.90649994214376      -0.112243742439690     
   6.31049990653992        4.20699993769328      -0.107619778218002     
   6.31049990653992        4.50749993324280      -0.102670456137381     
   6.31049990653992        4.80799992879232      -9.778967356470740E-002
   6.31049990653992        5.10849992434184      -9.315269984610217E-002
   6.31049990653992        5.40899991989136      -8.881250534434953E-002
   6.31049990653992        5.70949991544088      -8.477778690051160E-002
   6.31049990653992        6.00999991099040      -8.096262737780095E-002
   6.31049990653992        6.31049990653992      -7.726016206492606E-002
   6.31049990653992        6.61099990208944      -7.354724652017192E-002
   6.31049990653992        6.91149989763896      -6.975558699945347E-002
   6.31049990653992        7.21199989318848      -6.592735774684244E-002
   6.61099990208944       0.000000000000000E+000 -0.118803274767683     
   6.61099990208944       0.300499995549520      -0.115486776826186     
   6.61099990208944       0.600999991099040      -0.114752862583192     
   6.61099990208944       0.901499986648560      -0.116116079918104     
   6.61099990208944        1.20199998219808      -0.116621825213040     
   6.61099990208944        1.50249997774760      -0.116337969631519     
   6.61099990208944        1.80299997329712      -0.115730792186962     
   6.61099990208944        2.10349996884664      -0.115034467165800     
   6.61099990208944        2.40399996439616      -0.114220003371269     
   6.61099990208944        2.70449995994568      -0.113081118313922     
   6.61099990208944        3.00499995549520      -0.111556373702741     
   6.61099990208944        3.30549995104472      -0.109535280567603     
   6.61099990208944        3.60599994659424      -0.107024805152490     
   6.61099990208944        3.90649994214376      -0.103824214464181     
   6.61099990208944        4.20699993769328      -9.983193887183385E-002
   6.61099990208944        4.50749993324280      -9.541156125750863E-002
   6.61099990208944        4.80799992879232      -9.108882610366470E-002
   6.61099990208944        5.10849992434184      -8.700368573723032E-002
   6.61099990208944        5.40899991989136      -8.326561791937531E-002
   6.61099990208944        5.70949991544088      -7.985556349594580E-002
   6.61099990208944        6.00999991099040      -7.666561401494162E-002
   6.61099990208944        6.31049990653992      -7.354742187377009E-002
   6.61099990208944        6.61099990208944      -7.033193055620106E-002
   6.61099990208944        6.91149989763896      -6.699885881379011E-002
   6.61099990208944        7.21199989318848      -6.366069468778354E-002
   6.91149989763896       0.000000000000000E+000 -0.112510537120595     
   6.91149989763896       0.300499995549520      -0.108857091674443     
   6.91149989763896       0.600999991099040      -0.109758387616427     
   6.91149989763896       0.901499986648560      -0.110034119213410     
   6.91149989763896        1.20199998219808      -0.109064710359758     
   6.91149989763896        1.50249997774760      -0.107758411753022     
   6.91149989763896        1.80299997329712      -0.106554803546111     
   6.91149989763896        2.10349996884664      -0.105573569171616     
   6.91149989763896        2.40399996439616      -0.104707464616609     
   6.91149989763896        2.70449995994568      -0.103801515690975     
   6.91149989763896        3.00499995549520      -0.102754819646351     
   6.91149989763896        3.30549995104472      -0.101422653551773     
   6.91149989763896        3.60599994659424      -9.983149723601002E-002
   6.91149989763896        3.90649994214376      -9.700358298062586E-002
   6.91149989763896        4.20699993769328      -9.325803251097865E-002
   6.91149989763896        4.50749993324280      -8.903417461449052E-002
   6.91149989763896        4.80799992879232      -8.499003701823454E-002
   6.91149989763896        5.10849992434184      -8.131296412280642E-002
   6.91149989763896        5.40899991989136      -7.802540352698251E-002
   6.91149989763896        5.70949991544088      -7.510019050451092E-002
   6.91149989763896        6.00999991099040      -7.240337070177752E-002
   6.91149989763896        6.31049990653992      -6.975605096937902E-002
   6.91149989763896        6.61099990208944      -6.699912644893510E-002
   6.91149989763896        6.91149989763896      -6.437512622448138E-002
   6.91149989763896        7.21199989318848      -6.184523753598561E-002
   7.21199989318848       0.000000000000000E+000 -0.102567778197376     
   7.21199989318848       0.300499995549520      -0.105491199317619     
   7.21199989318848       0.600999991099040      -0.104554474568601     
   7.21199989318848       0.901499986648560      -0.102716681980197     
   7.21199989318848        1.20199998219808      -0.100833616480327     
   7.21199989318848        1.50249997774760      -9.918206437491321E-002
   7.21199989318848        1.80299997329712      -9.786270807919588E-002
   7.21199989318848        2.10349996884664      -9.690552839412044E-002
   7.21199989318848        2.40399996439616      -9.624288760278003E-002
   7.21199989318848        2.70449995994568      -9.584197913882612E-002
   7.21199989318848        3.00499995549520      -9.561310826673920E-002
   7.21199989318848        3.30549995104472      -9.512009439314516E-002
   7.21199989318848        3.60599994659424      -9.431835485419078E-002
   7.21199989318848        3.90649994214376      -9.096573410681104E-002
   7.21199989318848        4.20699993769328      -8.737012742728748E-002
   7.21199989318848        4.50749993324280      -8.318885669975400E-002
   7.21199989318848        4.80799992879232      -7.929467851897658E-002
   7.21199989318848        5.10849992434184      -7.591705491224167E-002
   7.21199989318848        5.40899991989136      -7.299939339885239E-002
   7.21199989318848        5.70949991544088      -7.046205305259377E-002
   7.21199989318848        6.00999991099040      -6.816539414580340E-002
   7.21199989318848        6.31049990653992      -6.592814242981801E-002
   7.21199989318848        6.61099990208944      -6.366125611640645E-002
   7.21199989318848        6.91149989763896      -6.184550282655900E-002
   7.21199989318848        7.21199989318848      -5.960297488486027E-002
