  0.000000000000000E+000  0.000000000000000E+000 -0.541068377922430     
  0.000000000000000E+000  0.300499995549520      -0.502792675109595     
  0.000000000000000E+000  0.600999991099040      -0.440734613824551     
  0.000000000000000E+000  0.901499986648560      -0.375306712141615     
  0.000000000000000E+000   1.20199998219808      -0.325498563535887     
  0.000000000000000E+000   1.50249997774760      -0.288443382875295     
  0.000000000000000E+000   1.80299997329712      -0.259279909915203     
  0.000000000000000E+000   2.10349996884664      -0.235104695429047     
  0.000000000000000E+000   2.40399996439616      -0.214253242620353     
  0.000000000000000E+000   2.70449995994568      -0.196482697223151     
  0.000000000000000E+000   3.00499995549520      -0.181553742710127     
  0.000000000000000E+000   3.30549995104472      -0.169338319700620     
  0.000000000000000E+000   3.60599994659424      -0.158259379687861     
  0.000000000000000E+000   3.90649994214376      -0.145060917324280     
  0.000000000000000E+000   4.20699993769328      -0.132240677267601     
  0.000000000000000E+000   4.50749993324280      -0.119055548656199     
  0.000000000000000E+000   4.80799992879232      -0.107252521370492     
  0.000000000000000E+000   5.10849992434184      -9.731477968360791E-002
  0.000000000000000E+000   5.40899991989136      -8.916497391440943E-002
  0.000000000000000E+000   5.70949991544088      -8.248874441805183E-002
  0.000000000000000E+000   6.00999991099040      -7.699589042927461E-002
  0.000000000000000E+000   6.31049990653992      -7.238731947579978E-002
  0.000000000000000E+000   6.61099990208944      -6.831862787451676E-002
  0.000000000000000E+000   6.91149989763896      -6.442332438683451E-002
  0.000000000000000E+000   7.21199989318848      -6.045177420622828E-002
  0.300499995549520       0.000000000000000E+000 -0.605462719260045     
  0.300499995549520       0.300499995549520      -0.516303572431167     
  0.300499995549520       0.600999991099040      -0.451562551164512     
  0.300499995549520       0.901499986648560      -0.398961704948186     
  0.300499995549520        1.20199998219808      -0.352418878519972     
  0.300499995549520        1.50249997774760      -0.313394075261447     
  0.300499995549520        1.80299997329712      -0.280589624712043     
  0.300499995549520        2.10349996884664      -0.252515642997528     
  0.300499995549520        2.40399996439616      -0.228224578564264     
  0.300499995549520        2.70449995994568      -0.207557716523739     
  0.300499995549520        3.00499995549520      -0.189702440941846     
  0.300499995549520        3.30549995104472      -0.174611488179816     
  0.300499995549520        3.60599994659424      -0.161924793831100     
  0.300499995549520        3.90649994214376      -0.149170195965597     
  0.300499995549520        4.20699993769328      -0.135766657223327     
  0.300499995549520        4.50749993324280      -0.122413327073527     
  0.300499995549520        4.80799992879232      -0.110409580987040     
  0.300499995549520        5.10849992434184      -0.100177493965688     
  0.300499995549520        5.40899991989136      -9.166423361892644E-002
  0.300499995549520        5.70949991544088      -8.459853612691247E-002
  0.300499995549520        6.00999991099040      -7.869715653489036E-002
  0.300499995549520        6.31049990653992      -7.370204239924977E-002
  0.300499995549520        6.61099990208944      -6.927212377463637E-002
  0.300499995549520        6.91149989763896      -6.481651976593666E-002
  0.300499995549520        7.21199989318848      -5.943734514753820E-002
  0.600999991099040       0.000000000000000E+000 -0.622859081590418     
  0.600999991099040       0.300499995549520      -0.561502211778378     
  0.600999991099040       0.600999991099040      -0.481857943899341     
  0.600999991099040       0.901499986648560      -0.425104844302484     
  0.600999991099040        1.20199998219808      -0.377734111806765     
  0.600999991099040        1.50249997774760      -0.336014428554769     
  0.600999991099040        1.80299997329712      -0.299439811340611     
  0.600999991099040        2.10349996884664      -0.267633895308478     
  0.600999991099040        2.40399996439616      -0.240377441482689     
  0.600999991099040        2.70449995994568      -0.217424184390819     
  0.600999991099040        3.00499995549520      -0.197371552943441     
  0.600999991099040        3.30549995104472      -0.179874834233297     
  0.600999991099040        3.60599994659424      -0.164768713385718     
  0.600999991099040        3.90649994214376      -0.150950566751037     
  0.600999991099040        4.20699993769328      -0.137378371703992     
  0.600999991099040        4.50749993324280      -0.124357854152987     
  0.600999991099040        4.80799992879232      -0.112644531004858     
  0.600999991099040        5.10849992434184      -0.102470228905198     
  0.600999991099040        5.40899991989136      -9.379604944188760E-002
  0.600999991099040        5.70949991544088      -8.644805042941479E-002
  0.600999991099040        6.00999991099040      -8.020090492585671E-002
  0.600999991099040        6.31049990653992      -7.479834823271410E-002
  0.600999991099040        6.61099990208944      -6.974724230012920E-002
  0.600999991099040        6.91149989763896      -6.411267190668367E-002
  0.600999991099040        7.21199989318848      -5.835609153879442E-002
  0.901499986648560       0.000000000000000E+000 -0.624455756497605     
  0.901499986648560       0.300499995549520      -0.588671241525238     
  0.901499986648560       0.600999991099040      -0.519980907771795     
  0.901499986648560       0.901499986648560      -0.456638587230507     
  0.901499986648560        1.20199998219808      -0.402793943450667     
  0.901499986648560        1.50249997774760      -0.355850072311730     
  0.901499986648560        1.80299997329712      -0.314796169843520     
  0.901499986648560        2.10349996884664      -0.279412034831091     
  0.901499986648560        2.40399996439616      -0.249922614431295     
  0.901499986648560        2.70449995994568      -0.225073892856886     
  0.901499986648560        3.00499995549520      -0.203483909874282     
  0.901499986648560        3.30549995104472      -0.184367093973347     
  0.901499986648560        3.60599994659424      -0.167449357131700     
  0.901499986648560        3.90649994214376      -0.152269866815099     
  0.901499986648560        4.20699993769328      -0.138325252663273     
  0.901499986648560        4.50749993324280      -0.125567746498580     
  0.901499986648560        4.80799992879232      -0.114220293818250     
  0.901499986648560        5.10849992434184      -0.104229794449217     
  0.901499986648560        5.40899991989136      -9.547522855891138E-002
  0.901499986648560        5.70949991544088      -8.789848131479520E-002
  0.901499986648560        6.00999991099040      -8.129973195702360E-002
  0.901499986648560        6.31049990653992      -7.542546215500834E-002
  0.901499986648560        6.61099990208944      -6.984568142666611E-002
  0.901499986648560        6.91149989763896      -6.411386519391714E-002
  0.901499986648560        7.21199989318848      -5.875838138444647E-002
   1.20199998219808       0.000000000000000E+000 -0.619587435353707     
   1.20199998219808       0.300499995549520      -0.596576030421421     
   1.20199998219808       0.600999991099040      -0.542304117334395     
   1.20199998219808       0.901499986648560      -0.480678158503668     
   1.20199998219808        1.20199998219808      -0.422634310317895     
   1.20199998219808        1.50249997774760      -0.370714873825277     
   1.20199998219808        1.80299997329712      -0.325418984260289     
   1.20199998219808        2.10349996884664      -0.287475938211512     
   1.20199998219808        2.40399996439616      -0.256330462467548     
   1.20199998219808        2.70449995994568      -0.230007556577098     
   1.20199998219808        3.00499995549520      -0.207235284043752     
   1.20199998219808        3.30549995104472      -0.187184090544884     
   1.20199998219808        3.60599994659424      -0.169324699321505     
   1.20199998219808        3.90649994214376      -0.153378245847122     
   1.20199998219808        4.20699993769328      -0.139145145195842     
   1.20199998219808        4.50749993324280      -0.126516260136504     
   1.20199998219808        4.80799992879232      -0.115363553281927     
   1.20199998219808        5.10849992434184      -0.105489553566194     
   1.20199998219808        5.40899991989136      -9.670765297312346E-002
   1.20199998219808        5.70949991544088      -8.892171500404687E-002
   1.20199998219808        6.00999991099040      -8.198636788811553E-002
   1.20199998219808        6.31049990653992      -7.570817787666854E-002
   1.20199998219808        6.61099990208944      -6.983560910377365E-002
   1.20199998219808        6.91149989763896      -6.421228847749481E-002
   1.20199998219808        7.21199989318848      -5.907614493317211E-002
   1.50249997774760       0.000000000000000E+000 -0.609271660732957     
   1.50249997774760       0.300499995549520      -0.592193154201439     
   1.50249997774760       0.600999991099040      -0.548112983812845     
   1.50249997774760       0.901499986648560      -0.491312907979744     
   1.50249997774760        1.20199998219808      -0.432689429628202     
   1.50249997774760        1.50249997774760      -0.377925792332727     
   1.50249997774760        1.80299997329712      -0.330321269790685     
   1.50249997774760        2.10349996884664      -0.291409707386616     
   1.50249997774760        2.40399996439616      -0.259192805298380     
   1.50249997774760        2.70449995994568      -0.232018866249413     
   1.50249997774760        3.00499995549520      -0.208672270685976     
   1.50249997774760        3.30549995104472      -0.188244381878225     
   1.50249997774760        3.60599994659424      -0.170135966585479     
   1.50249997774760        3.90649994214376      -0.154025685279932     
   1.50249997774760        4.20699993769328      -0.139755042309235     
   1.50249997774760        4.50749993324280      -0.127190014124484     
   1.50249997774760        4.80799992879232      -0.116132328234572     
   1.50249997774760        5.10849992434184      -0.106324237803290     
   1.50249997774760        5.40899991989136      -9.752645074341143E-002
   1.50249997774760        5.70949991544088      -8.957684765184278E-002
   1.50249997774760        6.00999991099040      -8.236499848574795E-002
   1.50249997774760        6.31049990653992      -7.578793067467167E-002
   1.50249997774760        6.61099990208944      -6.973499405578608E-002
   1.50249997774760        6.91149989763896      -6.414870206366925E-002
   1.50249997774760        7.21199989318848      -5.909884221910062E-002
   1.80299997329712       0.000000000000000E+000 -0.593006416412299     
   1.80299997329712       0.300499995549520      -0.579016780755095     
   1.80299997329712       0.600999991099040      -0.540398065094034     
   1.80299997329712       0.901499986648560      -0.487817167008472     
   1.80299997329712        1.20199998219808      -0.430442932403949     
   1.80299997329712        1.50249997774760      -0.376086331289816     
   1.80299997329712        1.80299997329712      -0.329780029974290     
   1.80299997329712        2.10349996884664      -0.290855323652463     
   1.80299997329712        2.40399996439616      -0.258255452116364     
   1.80299997329712        2.70449995994568      -0.230916520142768     
   1.80299997329712        3.00499995549520      -0.207708158511985     
   1.80299997329712        3.30549995104472      -0.187586767819997     
   1.80299997329712        3.60599994659424      -0.169794983373391     
   1.80299997329712        3.90649994214376      -0.153930350861792     
   1.80299997329712        4.20699993769328      -0.139837206199043     
   1.80299997329712        4.50749993324280      -0.127414812343048     
   1.80299997329712        4.80799992879232      -0.116479400141863     
   1.80299997329712        5.10849992434184      -0.106756343775975     
   1.80299997329712        5.40899991989136      -9.797039939868404E-002
   1.80299997329712        5.70949991544088      -8.993045597481998E-002
   1.80299997329712        6.00999991099040      -8.253303999113763E-002
   1.80299997329712        6.31049990653992      -7.574542802099854E-002
   1.80299997329712        6.61099990208944      -6.955728320900081E-002
   1.80299997329712        6.91149989763896      -6.395163932797028E-002
   1.80299997329712        7.21199989318848      -5.894413724036433E-002
   2.10349996884664       0.000000000000000E+000 -0.572129483956810     
   2.10349996884664       0.300499995549520      -0.557911274944106     
   2.10349996884664       0.600999991099040      -0.521130854781023     
   2.10349996884664       0.901499986648560      -0.470281980237857     
   2.10349996884664        1.20199998219808      -0.417482477671336     
   2.10349996884664        1.50249997774760      -0.368000216512797     
   2.10349996884664        1.80299997329712      -0.323824375072655     
   2.10349996884664        2.10349996884664      -0.285668162894119     
   2.10349996884664        2.40399996439616      -0.253539157637635     
   2.10349996884664        2.70449995994568      -0.226818315010512     
   2.10349996884664        3.00499995549520      -0.204424122269892     
   2.10349996884664        3.30549995104472      -0.185172254747035     
   2.10349996884664        3.60599994659424      -0.168145986511639     
   2.10349996884664        3.90649994214376      -0.152862342468280     
   2.10349996884664        4.20699993769328      -0.139176057900666     
   2.10349996884664        4.50749993324280      -0.127042265672562     
   2.10349996884664        4.80799992879232      -0.116323659538989     
   2.10349996884664        5.10849992434184      -0.106755928701820     
   2.10349996884664        5.40899991989136      -9.804858298707096E-002
   2.10349996884664        5.70949991544088      -9.000176515035703E-002
   2.10349996884664        6.00999991099040      -8.253832683706099E-002
   2.10349996884664        6.31049990653992      -7.565021263096738E-002
   2.10349996884664        6.61099990208944      -6.934842443402317E-002
   2.10349996884664        6.91149989763896      -6.370014650029771E-002
   2.10349996884664        7.21199989318848      -5.871241323625520E-002
   2.40399996439616       0.000000000000000E+000 -0.554827666441806     
   2.40399996439616       0.300499995549520      -0.539005696855876     
   2.40399996439616       0.600999991099040      -0.498800384656759     
   2.40399996439616       0.901499986648560      -0.450032592517834     
   2.40399996439616        1.20199998219808      -0.400883200817943     
   2.40399996439616        1.50249997774760      -0.354524892220706     
   2.40399996439616        1.80299997329712      -0.312589591061120     
   2.40399996439616        2.10349996884664      -0.276109631302783     
   2.40399996439616        2.40399996439616      -0.245450728091129     
   2.40399996439616        2.70449995994568      -0.220171186657082     
   2.40399996439616        3.00499995549520      -0.199186372786134     
   2.40399996439616        3.30549995104472      -0.181215990589488     
   2.40399996439616        3.60599994659424      -0.165251111085914     
   2.40399996439616        3.90649994214376      -0.150778177331543     
   2.40399996439616        4.20699993769328      -0.137685058270448     
   2.40399996439616        4.50749993324280      -0.125988911735544     
   2.40399996439616        4.80799992879232      -0.115602388887222     
   2.40399996439616        5.10849992434184      -0.106280976230968     
   2.40399996439616        5.40899991989136      -9.773422117291644E-002
   2.40399996439616        5.70949991544088      -8.976607033933094E-002
   2.40399996439616        6.00999991099040      -8.232119775327894E-002
   2.40399996439616        6.31049990653992      -7.541981496835466E-002
   2.40399996439616        6.61099990208944      -6.907637388825302E-002
   2.40399996439616        6.91149989763896      -6.334036901006994E-002
   2.40399996439616        7.21199989318848      -5.839735891751792E-002
   2.70449995994568       0.000000000000000E+000 -0.543479744811608     
   2.70449995994568       0.300499995549520      -0.526813979797581     
   2.70449995994568       0.600999991099040      -0.484078763554166     
   2.70449995994568       0.901499986648560      -0.430488789687302     
   2.70449995994568        1.20199998219808      -0.380279547532292     
   2.70449995994568        1.50249997774760      -0.335981422302214     
   2.70449995994568        1.80299997329712      -0.296789340087483     
   2.70449995994568        2.10349996884664      -0.262997586381906     
   2.70449995994568        2.40399996439616      -0.234782390431131     
   2.70449995994568        2.70449995994568      -0.211654186256388     
   2.70449995994568        3.00499995549520      -0.192506255617697     
   2.70449995994568        3.30549995104472      -0.176048574623409     
   2.70449995994568        3.60599994659424      -0.161285726043490     
   2.70449995994568        3.90649994214376      -0.147745546114018     
   2.70449995994568        4.20699993769328      -0.135374075607350     
   2.70449995994568        4.50749993324280      -0.124242015547809     
   2.70449995994568        4.80799992879232      -0.114296417109075     
   2.70449995994568        5.10849992434184      -0.105309772773574     
   2.70449995994568        5.40899991989136      -9.700386734183042E-002
   2.70449995994568        5.70949991544088      -8.920139835435893E-002
   2.70449995994568        6.00999991099040      -8.186919300782959E-002
   2.70449995994568        6.31049990653992      -7.501404266328766E-002
   2.70449995994568        6.61099990208944      -6.862202904222826E-002
   2.70449995994568        6.91149989763896      -6.290466987483638E-002
   2.70449995994568        7.21199989318848      -5.812154688002893E-002
   3.00499995549520       0.000000000000000E+000 -0.520114449111150     
   3.00499995549520       0.300499995549520      -0.502125087476289     
   3.00499995549520       0.600999991099040      -0.457825354989999     
   3.00499995549520       0.901499986648560      -0.404918960685181     
   3.00499995549520        1.20199998219808      -0.355241561002167     
   3.00499995549520        1.50249997774760      -0.313483594720664     
   3.00499995549520        1.80299997329712      -0.277839240853421     
   3.00499995549520        2.10349996884664      -0.247603199098997     
   3.00499995549520        2.40399996439616      -0.222531950960893     
   3.00499995549520        2.70449995994568      -0.201988319495939     
   3.00499995549520        3.00499995549520      -0.184871870052929     
   3.00499995549520        3.30549995104472      -0.169983035573673     
   3.00499995549520        3.60599994659424      -0.156442658001865     
   3.00499995549520        3.90649994214376      -0.143881166704943     
   3.00499995549520        4.20699993769328      -0.132313569069246     
   3.00499995549520        4.50749993324280      -0.121842691444344     
   3.00499995549520        4.80799992879232      -0.112425199288623     
   3.00499995549520        5.10849992434184      -0.103843696539517     
   3.00499995549520        5.40899991989136      -9.584438548301596E-002
   3.00499995549520        5.70949991544088      -8.828909393217486E-002
   3.00499995549520        6.00999991099040      -8.118950471024169E-002
   3.00499995549520        6.31049990653992      -7.455385071805708E-002
   3.00499995549520        6.61099990208944      -6.833608070415348E-002
   3.00499995549520        6.91149989763896      -6.273917013723009E-002
   3.00499995549520        7.21199989318848      -5.817296124327324E-002
   3.30549995104472       0.000000000000000E+000 -0.479548885784371     
   3.30549995104472       0.300499995549520      -0.462966938572186     
   3.30549995104472       0.600999991099040      -0.421660152269604     
   3.30549995104472       0.901499986648560      -0.372337148761682     
   3.30549995104472        1.20199998219808      -0.326726146355577     
   3.30549995104472        1.50249997774760      -0.288869646262885     
   3.30549995104472        1.80299997329712      -0.257479044182952     
   3.30549995104472        2.10349996884664      -0.231265987527702     
   3.30549995104472        2.40399996439616      -0.209609185220828     
   3.30549995104472        2.70449995994568      -0.191743911019338     
   3.30549995104472        3.00499995549520      -0.176634047253591     
   3.30549995104472        3.30549995104472      -0.163248899172546     
   3.30549995104472        3.60599994659424      -0.150890832391992     
   3.30549995104472        3.90649994214376      -0.139319976752151     
   3.30549995104472        4.20699993769328      -0.128608658731762     
   3.30549995104472        4.50749993324280      -0.118863074404680     
   3.30549995104472        4.80799992879232      -0.110027850463638     
   3.30549995104472        5.10849992434184      -0.101892350730554     
   3.30549995104472        5.40899991989136      -9.423884826804027E-002
   3.30549995104472        5.70949991544088      -8.698626392013807E-002
   3.30549995104472        6.00999991099040      -8.022353434127015E-002
   3.30549995104472        6.31049990653992      -7.394880585529809E-002
   3.30549995104472        6.61099990208944      -6.810530227294981E-002
   3.30549995104472        6.91149989763896      -6.287170635686957E-002
   3.30549995104472        7.21199989318848      -5.854818460478987E-002
   3.60599994659424       0.000000000000000E+000 -0.427441454365164     
   3.60599994659424       0.300499995549520      -0.415615685885868     
   3.60599994659424       0.600999991099040      -0.381019671403671     
   3.60599994659424       0.901499986648560      -0.337477708193535     
   3.60599994659424        1.20199998219808      -0.297118679718461     
   3.60599994659424        1.50249997774760      -0.263967210661264     
   3.60599994659424        1.80299997329712      -0.237133067728589     
   3.60599994659424        2.10349996884664      -0.214964569821613     
   3.60599994659424        2.40399996439616      -0.196609958977372     
   3.60599994659424        2.70449995994568      -0.181261459233790     
   3.60599994659424        3.00499995549520      -0.168004560207478     
   3.60599994659424        3.30549995104472      -0.156015121460691     
   3.60599994659424        3.60599994659424      -0.144792556260730     
   3.60599994659424        3.90649994214376      -0.134216638327649     
   3.60599994659424        4.20699993769328      -0.124389117245467     
   3.60599994659424        4.50749993324280      -0.115393403651301     
   3.60599994659424        4.80799992879232      -0.107152186621994     
   3.60599994659424        5.10849992434184      -9.946683821375274E-002
   3.60599994659424        5.40899991989136      -9.216545727578720E-002
   3.60599994659424        5.70949991544088      -8.522529865669679E-002
   3.60599994659424        6.00999991099040      -7.878893314417762E-002
   3.60599994659424        6.31049990653992      -7.285852549218551E-002
   3.60599994659424        6.61099990208944      -6.742602836332039E-002
   3.60599994659424        6.91149989763896      -6.277138641617473E-002
   3.60599994659424        7.21199989318848      -5.914700758277662E-002
   3.90649994214376       0.000000000000000E+000 -0.376927468254083     
   3.90649994214376       0.300499995549520      -0.366449485564094     
   3.90649994214376       0.600999991099040      -0.337494444313325     
   3.90649994214376       0.901499986648560      -0.301330913071182     
   3.90649994214376        1.20199998219808      -0.267471448088534     
   3.90649994214376        1.50249997774760      -0.239731609285516     
   3.90649994214376        1.80299997329712      -0.217502752898450     
   3.90649994214376        2.10349996884664      -0.199142117905649     
   3.90649994214376        2.40399996439616      -0.183795991417664     
   3.90649994214376        2.70449995994568      -0.170715355264564     
   3.90649994214376        3.00499995549520      -0.159143378308373     
   3.90649994214376        3.30549995104472      -0.148461751168030     
   3.90649994214376        3.60599994659424      -0.138344217727428     
   3.90649994214376        3.90649994214376      -0.128757426684521     
   3.90649994214376        4.20699993769328      -0.119804542231175     
   3.90649994214376        4.50749993324280      -0.111534342804003     
   3.90649994214376        4.80799992879232      -0.103853664993167     
   3.90649994214376        5.10849992434184      -9.659013576911615E-002
   3.90649994214376        5.40899991989136      -8.962493033414297E-002
   3.90649994214376        5.70949991544088      -8.297946327791042E-002
   3.90649994214376        6.00999991099040      -7.679392334931079E-002
   3.90649994214376        6.31049990653992      -7.108814486780209E-002
   3.90649994214376        6.61099990208944      -6.582156475846544E-002
   3.90649994214376        6.91149989763896      -6.109473226061461E-002
   3.90649994214376        7.21199989318848      -5.700537257593586E-002
   4.20699993769328       0.000000000000000E+000 -0.317695607192854     
   4.20699993769328       0.300499995549520      -0.309945604905291     
   4.20699993769328       0.600999991099040      -0.289493842399621     
   4.20699993769328       0.901499986648560      -0.263422538343766     
   4.20699993769328        1.20199998219808      -0.237829672960283     
   4.20699993769328        1.50249997774760      -0.216426166275179     
   4.20699993769328        1.80299997329712      -0.198736994817784     
   4.20699993769328        2.10349996884664      -0.183893014033820     
   4.20699993769328        2.40399996439616      -0.171268238861246     
   4.20699993769328        2.70449995994568      -0.160249560696426     
   4.20699993769328        3.00499995549520      -0.150246050705155     
   4.20699993769328        3.30549995104472      -0.140818922087774     
   4.20699993769328        3.60599994659424      -0.131776972498014     
   4.20699993769328        3.90649994214376      -0.123140798692769     
   4.20699993769328        4.20699993769328      -0.115001578839887     
   4.20699993769328        4.50749993324280      -0.107382236674464     
   4.20699993769328        4.80799992879232      -0.100195497561078     
   4.20699993769328        5.10849992434184      -9.331299772833973E-002
   4.20699993769328        5.40899991989136      -8.667169417830739E-002
   4.20699993769328        5.70949991544088      -8.032238188505654E-002
   4.20699993769328        6.00999991099040      -7.437656804405973E-002
   4.20699993769328        6.31049990653992      -6.885862617703235E-002
   4.20699993769328        6.61099990208944      -6.372343275074219E-002
   4.20699993769328        6.91149989763896      -5.906329901905467E-002
   4.20699993769328        7.21199989318848      -5.508734382148658E-002
   4.50749993324280       0.000000000000000E+000 -0.258995282686118     
   4.50749993324280       0.300499995549520      -0.254671737889364     
   4.50749993324280       0.600999991099040      -0.242948113191548     
   4.50749993324280       0.901499986648560      -0.226826623471620     
   4.50749993324280        1.20199998219808      -0.209841821357919     
   4.50749993324280        1.50249997774760      -0.194398818248033     
   4.50749993324280        1.80299997329712      -0.180938101224055     
   4.50749993324280        2.10349996884664      -0.169317531978105     
   4.50749993324280        2.40399996439616      -0.159182668473440     
   4.50749993324280        2.70449995994568      -0.150075009104025     
   4.50749993324280        3.00499995549520      -0.141554003564174     
   4.50749993324280        3.30549995104472      -0.133324670662354     
   4.50749993324280        3.60599994659424      -0.125294239187529     
   4.50749993324280        3.90649994214376      -0.117518471553401     
   4.50749993324280        4.20699993769328      -0.110083188787942     
   4.50749993324280        4.50749993324280      -0.103010775087991     
   4.50749993324280        4.80799992879232      -9.624656494505182E-002
   4.50749993324280        5.10849992434184      -8.971910659437343E-002
   4.50749993324280        5.40899991989136      -8.341526099086961E-002
   4.50749993324280        5.70949991544088      -7.740091160467340E-002
   4.50749993324280        6.00999991099040      -7.176585269414557E-002
   4.50749993324280        6.31049990653992      -6.652631195305804E-002
   4.50749993324280        6.61099990208944      -6.163493288109656E-002
   4.50749993324280        6.91149989763896      -5.719002687942444E-002
   4.50749993324280        7.21199989318848      -5.330873412854732E-002
   4.80799992879232       0.000000000000000E+000 -0.212883269719530     
   4.80799992879232       0.300499995549520      -0.210907142389302     
   4.80799992879232       0.600999991099040      -0.204979603478658     
   4.80799992879232       0.901499986648560      -0.195653920796678     
   4.80799992879232        1.20199998219808      -0.184888533084988     
   4.80799992879232        1.50249997774760      -0.174249154736699     
   4.80799992879232        1.80299997329712      -0.164472905372440     
   4.80799992879232        2.10349996884664      -0.155722467285843     
   4.80799992879232        2.40399996439616      -0.147822615629744     
   4.80799992879232        2.70449995994568      -0.140445479873323     
   4.80799992879232        3.00499995549520      -0.133276175333246     
   4.80799992879232        3.30549995104472      -0.126131163458917     
   4.80799992879232        3.60599994659424      -0.118990407434947     
   4.80799992879232        3.90649994214376      -0.111940381264274     
   4.80799992879232        4.20699993769328      -0.105080245426966     
   4.80799992879232        4.50749993324280      -9.845924683083447E-002
   4.80799992879232        4.80799992879232      -9.207374874160622E-002
   4.80799992879232        5.10849992434184      -8.590954826697346E-002
   4.80799992879232        5.40899991989136      -7.998741959126374E-002
   4.80799992879232        5.70949991544088      -7.436833422775535E-002
   4.80799992879232        6.00999991099040      -6.911341350060771E-002
   4.80799992879232        6.31049990653992      -6.423575483748409E-002
   4.80799992879232        6.61099990208944      -5.969921564780484E-002
   4.80799992879232        6.91149989763896      -5.549936770859099E-002
   4.80799992879232        7.21199989318848      -5.172149293861922E-002
   5.10849992434184       0.000000000000000E+000 -0.179449171610798     
   5.10849992434184       0.300499995549520      -0.178377499288449     
   5.10849992434184       0.600999991099040      -0.175047639275845     
   5.10849992434184       0.901499986648560      -0.169990464069888     
   5.10849992434184        1.20199998219808      -0.163576075514504     
   5.10849992434184        1.50249997774760      -0.156659163081492     
   5.10849992434184        1.80299997329712      -0.149888715469133     
   5.10849992434184        2.10349996884664      -0.143515222132879     
   5.10849992434184        2.40399996439616      -0.137469154718451     
   5.10849992434184        2.70449995994568      -0.131529144535405     
   5.10849992434184        3.00499995549520      -0.125485102190938     
   5.10849992434184        3.30549995104472      -0.119239736293052     
   5.10849992434184        3.60599994659424      -0.112826539667621     
   5.10849992434184        3.90649994214376      -0.106360843495507     
   5.10849992434184        4.20699993769328      -9.996953236017649E-002
   5.10849992434184        4.50749993324280      -9.374474914263822E-002
   5.10849992434184        4.80799992879232      -8.773729075292250E-002
   5.10849992434184        5.10849992434184      -8.197748389671043E-002
   5.10849992434184        5.40899991989136      -7.649726401559964E-002
   5.10849992434184        5.70949991544088      -7.133100944319824E-002
   5.10849992434184        6.00999991099040      -6.649693202900865E-002
   5.10849992434184        6.31049990653992      -6.198375077272407E-002
   5.10849992434184        6.61099990208944      -5.776622678547184E-002
   5.10849992434184        6.91149989763896      -5.384980247140221E-002
   5.10849992434184        7.21199989318848      -5.024143899244830E-002
   5.40899991989136       0.000000000000000E+000 -0.155643375553206     
   5.40899991989136       0.300499995549520      -0.154903700165213     
   5.40899991989136       0.600999991099040      -0.152924647417194     
   5.40899991989136       0.901499986648560      -0.149944907266074     
   5.40899991989136        1.20199998219808      -0.146317344533404     
   5.40899991989136        1.50249997774760      -0.142146351164079     
   5.40899991989136        1.80299997329712      -0.137574933681657     
   5.40899991989136        2.10349996884664      -0.132915861331946     
   5.40899991989136        2.40399996439616      -0.128196674392919     
   5.40899991989136        2.70449995994568      -0.123292902021152     
   5.40899991989136        3.00499995549520      -0.118082398721651     
   5.40899991989136        3.30549995104472      -0.112528947072256     
   5.40899991989136        3.60599994659424      -0.106695454730271     
   5.40899991989136        3.90649994214376      -0.100713170755157     
   5.40899991989136        4.20699993769328      -9.473592988495372E-002
   5.40899991989136        4.50749993324280      -8.889957689454796E-002
   5.40899991989136        4.80799992879232      -8.330035603126830E-002
   5.40899991989136        5.10849992434184      -7.799361956398035E-002
   5.40899991989136        5.40899991989136      -7.300159299662171E-002
   5.40899991989136        5.70949991544088      -6.831870187400134E-002
   5.40899991989136        6.00999991099040      -6.391496511542773E-002
   5.40899991989136        6.31049990653992      -5.976052953436083E-002
   5.40899991989136        6.61099990208944      -5.583982757451423E-002
   5.40899991989136        6.91149989763896      -5.214875143412428E-002
   5.40899991989136        7.21199989318848      -4.871949531656484E-002
   5.70949991544088       0.000000000000000E+000 -0.140701038808705     
   5.70949991544088       0.300499995549520      -0.139998736456611     
   5.70949991544088       0.600999991099040      -0.138261767945563     
   5.70949991544088       0.901499986648560      -0.136068599765163     
   5.70949991544088        1.20199998219808      -0.133610240880779     
   5.70949991544088        1.50249997774760      -0.130784023976986     
   5.70949991544088        1.80299997329712      -0.127455087585702     
   5.70949991544088        2.10349996884664      -0.123755298049082     
   5.70949991544088        2.40399996439616      -0.119792130142707     
   5.70949991544088        2.70449995994568      -0.115521087265669     
   5.70949991544088        3.00499995549520      -0.110885038204561     
   5.70949991544088        3.30549995104472      -0.105876253518173     
   5.70949991544088        3.60599994659424      -0.100546863361143     
   5.70949991544088        3.90649994214376      -9.501149904743685E-002
   5.70949991544088        4.20699993769328      -8.943984007903520E-002
   5.70949991544088        4.50749993324280      -8.400780503840456E-002
   5.70949991544088        4.80799992879232      -7.884369613749731E-002
   5.70949991544088        5.10849992434184      -7.400945946714617E-002
   5.70949991544088        5.40899991989136      -6.950637069479705E-002
   5.70949991544088        5.70949991544088      -6.529132090396059E-002
   5.70949991544088        6.00999991099040      -6.131221257539683E-002
   5.70949991544088        6.31049990653992      -5.752117527657554E-002
   5.70949991544088        6.61099990208944      -5.385528145954397E-002
   5.70949991544088        6.91149989763896      -5.031384158642196E-002
   5.70949991544088        7.21199989318848      -4.701868057911941E-002
   6.00999991099040       0.000000000000000E+000 -0.133392409248988     
   6.00999991099040       0.300499995549520      -0.132020994947175     
   6.00999991099040       0.600999991099040      -0.129251767430759     
   6.00999991099040       0.901499986648560      -0.126679210644444     
   6.00999991099040        1.20199998219808      -0.124371018883045     
   6.00999991099040        1.50249997774760      -0.121883357686802     
   6.00999991099040        1.80299997329712      -0.118940295863597     
   6.00999991099040        2.10349996884664      -0.115539815682262     
   6.00999991099040        2.40399996439616      -0.111884392125767     
   6.00999991099040        2.70449995994568      -0.107969924066099     
   6.00999991099040        3.00499995549520      -0.103774775324190     
   6.00999991099040        3.30549995104472      -9.928856054391297E-002
   6.00999991099040        3.60599994659424      -9.448823783716317E-002
   6.00999991099040        3.90649994214376      -8.940883106146316E-002
   6.00999991099040        4.20699993769328      -8.423278939089504E-002
   6.00999991099040        4.50749993324280      -7.920236202068177E-002
   6.00999991099040        4.80799992879232      -7.446381804545565E-002
   6.00999991099040        5.10849992434184      -7.006703662484813E-002
   6.00999991099040        5.40899991989136      -6.599278213783909E-002
   6.00999991099040        5.70949991544088      -6.220821090641589E-002
   6.00999991099040        6.00999991099040      -5.865479336703229E-002
   6.00999991099040        6.31049990653992      -5.522289326647162E-002
   6.00999991099040        6.61099990208944      -5.175163626312013E-002
   6.00999991099040        6.91149989763896      -4.820059863614652E-002
   6.00999991099040        7.21199989318848      -4.492490972273551E-002
   6.31049990653992       0.000000000000000E+000 -0.131841848957127     
   6.31049990653992       0.300499995549520      -0.128452631622932     
   6.31049990653992       0.600999991099040      -0.123126211757167     
   6.31049990653992       0.901499986648560      -0.119617059417467     
   6.31049990653992        1.20199998219808      -0.116981414169160     
   6.31049990653992        1.50249997774760      -0.114240501251290     
   6.31049990653992        1.80299997329712      -0.111148868438016     
   6.31049990653992        2.10349996884664      -0.107737589475589     
   6.31049990653992        2.40399996439616      -0.104186264792589     
   6.31049990653992        2.70449995994568      -0.100527635742397     
   6.31049990653992        3.00499995549520      -9.674871470570891E-002
   6.31049990653992        3.30549995104472      -9.282012000094636E-002
   6.31049990653992        3.60599994659424      -8.862159875929414E-002
   6.31049990653992        3.90649994214376      -8.405390568943022E-002
   6.31049990653992        4.20699993769328      -7.926892612850735E-002
   6.31049990653992        4.50749993324280      -7.459923651492709E-002
   6.31049990653992        4.80799992879232      -7.024334337524323E-002
   6.31049990653992        5.10849992434184      -6.620102792883016E-002
   6.31049990653992        5.40899991989136      -6.247737669497551E-002
   6.31049990653992        5.70949991544088      -5.907884200168002E-002
   6.31049990653992        6.00999991099040      -5.591836866540296E-002
   6.31049990653992        6.31049990653992      -5.284475467046977E-002
   6.31049990653992        6.61099990208944      -4.954490161662713E-002
   6.31049990653992        6.91149989763896      -4.573464873042980E-002
   6.31049990653992        7.21199989318848      -4.221083705897923E-002
   6.61099990208944       0.000000000000000E+000 -0.132025108850735     
   6.61099990208944       0.300499995549520      -0.124290990596898     
   6.61099990208944       0.600999991099040      -0.116467160236544     
   6.61099990208944       0.901499986648560      -0.113156067787998     
   6.61099990208944        1.20199998219808      -0.110320005907418     
   6.61099990208944        1.50249997774760      -0.107055753594648     
   6.61099990208944        1.80299997329712      -0.103572550422614     
   6.61099990208944        2.10349996884664      -0.100080558830464     
   6.61099990208944        2.40399996439616      -9.666622614894217E-002
   6.61099990208944        2.70449995994568      -9.326829495320685E-002
   6.61099990208944        3.00499995549520      -8.990595942105332E-002
   6.61099990208944        3.30549995104472      -8.661393662713028E-002
   6.61099990208944        3.60599994659424      -8.318940735207907E-002
   6.61099990208944        3.90649994214376      -7.916721217913050E-002
   6.61099990208944        4.20699993769328      -7.470168592329395E-002
   6.61099990208944        4.50749993324280      -7.027606341330629E-002
   6.61099990208944        4.80799992879232      -6.621807768650122E-002
   6.61099990208944        5.10849992434184      -6.243949468383099E-002
   6.61099990208944        5.40899991989136      -5.901165534501385E-002
   6.61099990208944        5.70949991544088      -5.591605213472119E-002
   6.61099990208944        6.00999991099040      -5.306029071804399E-002
   6.61099990208944        6.31049990653992      -5.030878796495557E-002
   6.61099990208944        6.61099990208944      -4.732166723804664E-002
   6.61099990208944        6.91149989763896      -4.331625908858360E-002
   6.61099990208944        7.21199989318848      -3.916041270665564E-002
   6.91149989763896       0.000000000000000E+000 -0.124097412057102     
   6.91149989763896       0.300499995549520      -0.114583823360691     
   6.91149989763896       0.600999991099040      -0.109443903395465     
   6.91149989763896       0.901499986648560      -0.107249724629580     
   6.91149989763896        1.20199998219808      -0.103914861177207     
   6.91149989763896        1.50249997774760      -0.100005269052807     
   6.91149989763896        1.80299997329712      -9.617655006632689E-002
   6.91149989763896        2.10349996884664      -9.269310812929005E-002
   6.91149989763896        2.40399996439616      -8.954208191713610E-002
   6.91149989763896        2.70449995994568      -8.651562127389283E-002
   6.91149989763896        3.00499995549520      -8.367222042439933E-002
   6.91149989763896        3.30549995104472      -8.120737093130796E-002
   6.91149989763896        3.60599994659424      -7.881520202441158E-002
   6.91149989763896        3.90649994214376      -7.499959925999471E-002
   6.91149989763896        4.20699993769328      -7.063703224619007E-002
   6.91149989763896        4.50749993324280      -6.631891721003472E-002
   6.91149989763896        4.80799992879232      -6.239165115907925E-002
   6.91149989763896        5.10849992434184      -5.883229587355087E-002
   6.91149989763896        5.40899991989136      -5.563392829878304E-002
   6.91149989763896        5.70949991544088      -5.276432487796150E-002
   6.91149989763896        6.00999991099040      -5.009443412784109E-002
   6.91149989763896        6.31049990653992      -4.748490557400831E-002
   6.91149989763896        6.61099990208944      -4.484780360619230E-002
   6.91149989763896        6.91149989763896      -4.203054059081834E-002
   6.91149989763896        7.21199989318848      -3.825713971124729E-002
   7.21199989318848       0.000000000000000E+000 -0.110427800644648     
   7.21199989318848       0.300499995549520      -0.110519490118416     
   7.21199989318848       0.600999991099040      -0.105866201081284     
   7.21199989318848       0.901499986648560      -0.101559966657855     
   7.21199989318848        1.20199998219808      -9.714984500656047E-002
   7.21199989318848        1.50249997774760      -9.289865506327426E-002
   7.21199989318848        1.80299997329712      -8.908798199428783E-002
   7.21199989318848        2.10349996884664      -8.584751268033845E-002
   7.21199989318848        2.40399996439616      -8.310592415266937E-002
   7.21199989318848        2.70449995994568      -8.063547610169572E-002
   7.21199989318848        3.00499995549520      -7.853441292150859E-002
   7.21199989318848        3.30549995104472      -7.688036056893206E-002
   7.21199989318848        3.60599994659424      -7.519544754596126E-002
   7.21199989318848        3.90649994214376      -7.104476939217144E-002
   7.21199989318848        4.20699993769328      -6.686925716544552E-002
   7.21199989318848        4.50749993324280      -6.261159247847572E-002
   7.21199989318848        4.80799992879232      -5.876591799155194E-002
   7.21199989318848        5.10849992434184      -5.537256437004864E-002
   7.21199989318848        5.40899991989136      -5.238664673706891E-002
   7.21199989318848        5.70949991544088      -4.972079884699985E-002
   7.21199989318848        6.00999991099040      -4.722968055249638E-002
   7.21199989318848        6.31049990653992      -4.472998712056040E-002
   7.21199989318848        6.61099990208944      -4.216613464136300E-002
   7.21199989318848        6.91149989763896      -4.024222934263087E-002
   7.21199989318848        7.21199989318848      -3.850504874562273E-002
