  0.000000000000000E+000  0.000000000000000E+000 -0.212455466029165     
  0.000000000000000E+000  0.300499995549520      -0.212578022613009     
  0.000000000000000E+000  0.600999991099040      -0.202395602728992     
  0.000000000000000E+000  0.901499986648560      -0.190758334133673     
  0.000000000000000E+000   1.20199998219808      -0.179126911578869     
  0.000000000000000E+000   1.50249997774760      -0.168190084298784     
  0.000000000000000E+000   1.80299997329712      -0.158260330600392     
  0.000000000000000E+000   2.10349996884664      -0.149421394518586     
  0.000000000000000E+000   2.40399996439616      -0.141535147197652     
  0.000000000000000E+000   2.70449995994568      -0.134444173187054     
  0.000000000000000E+000   3.00499995549520      -0.128152203629378     
  0.000000000000000E+000   3.30549995104472      -0.122355660297146     
  0.000000000000000E+000   3.60599994659424      -0.116516312700556     
  0.000000000000000E+000   3.90649994214376      -0.109342498581025     
  0.000000000000000E+000   4.20699993769328      -0.102067978166608     
  0.000000000000000E+000   4.50749993324280      -9.416670970456005E-002
  0.000000000000000E+000   4.80799992879232      -8.683577568119046E-002
  0.000000000000000E+000   5.10849992434184      -8.054737947565228E-002
  0.000000000000000E+000   5.40899991989136      -7.540226014714912E-002
  0.000000000000000E+000   5.70949991544088      -7.119409198797595E-002
  0.000000000000000E+000   6.00999991099040      -6.776150921154937E-002
  0.000000000000000E+000   6.31049990653992      -6.495645160630797E-002
  0.000000000000000E+000   6.61099990208944      -6.252566083396731E-002
  0.000000000000000E+000   6.91149989763896      -5.981368876408967E-002
  0.000000000000000E+000   7.21199989318848      -5.656082310774671E-002
  0.300499995549520       0.000000000000000E+000 -0.245267022434175     
  0.300499995549520       0.300499995549520      -0.225933263453290     
  0.300499995549520       0.600999991099040      -0.213727965475341     
  0.300499995549520       0.901499986648560      -0.205506215692223     
  0.300499995549520        1.20199998219808      -0.195038028546576     
  0.300499995549520        1.50249997774760      -0.183769788384075     
  0.300499995549520        1.80299997329712      -0.172848183538045     
  0.300499995549520        2.10349996884664      -0.162640594792649     
  0.300499995549520        2.40399996439616      -0.153129398463687     
  0.300499995549520        2.70449995994568      -0.144260710763808     
  0.300499995549520        3.00499995549520      -0.135914653731826     
  0.300499995549520        3.30549995104472      -0.128033574945403     
  0.300499995549520        3.60599994659424      -0.120797185975107     
  0.300499995549520        3.90649994214376      -0.113559078266193     
  0.300499995549520        4.20699993769328      -0.106039502942990     
  0.300499995549520        4.50749993324280      -9.823654585740058E-002
  0.300499995549520        4.80799992879232      -9.091643585135099E-002
  0.300499995549520        5.10849992434184      -8.445820754379500E-002
  0.300499995549520        5.40899991989136      -7.895816170048726E-002
  0.300499995549520        5.70949991544088      -7.432714803161415E-002
  0.300499995549520        6.00999991099040      -7.040747118475733E-002
  0.300499995549520        6.31049990653992      -6.700924877542042E-002
  0.300499995549520        6.61099990208944      -6.380895881207876E-002
  0.300499995549520        6.91149989763896      -6.055733356733026E-002
  0.300499995549520        7.21199989318848      -5.709180285099358E-002
  0.600999991099040       0.000000000000000E+000 -0.268788308885160     
  0.600999991099040       0.300499995549520      -0.252340257826524     
  0.600999991099040       0.600999991099040      -0.233553237491188     
  0.600999991099040       0.901499986648560      -0.222193609320104     
  0.600999991099040        1.20199998219808      -0.211367190456976     
  0.600999991099040        1.50249997774760      -0.199801181066617     
  0.600999991099040        1.80299997329712      -0.188066347184766     
  0.600999991099040        2.10349996884664      -0.176595300395880     
  0.600999991099040        2.40399996439616      -0.165584571424927     
  0.600999991099040        2.70449995994568      -0.155088004631565     
  0.600999991099040        3.00499995549520      -0.144981512968222     
  0.600999991099040        3.30549995104472      -0.135199976282081     
  0.600999991099040        3.60599994659424      -0.126122427169415     
  0.600999991099040        3.90649994214376      -0.117872277717627     
  0.600999991099040        4.20699993769328      -0.109941109476792     
  0.600999991099040        4.50749993324280      -0.102173533557913     
  0.600999991099040        4.80799992879232      -9.492624954191149E-002
  0.600999991099040        5.10849992434184      -8.830273568663301E-002
  0.600999991099040        5.40899991989136      -8.246898190343918E-002
  0.600999991099040        5.70949991544088      -7.738453221712162E-002
  0.600999991099040        6.00999991099040      -7.293960702314561E-002
  0.600999991099040        6.31049990653992      -6.897034283893168E-002
  0.600999991099040        6.61099990208944      -6.521030604284020E-002
  0.600999991099040        6.91149989763896      -6.133917511994178E-002
  0.600999991099040        7.21199989318848      -5.720403271888973E-002
  0.901499986648560       0.000000000000000E+000 -0.281270109931705     
  0.901499986648560       0.300499995549520      -0.272583565597661     
  0.901499986648560       0.600999991099040      -0.256876554298731     
  0.901499986648560       0.901499986648560      -0.242951927289737     
  0.901499986648560        1.20199998219808      -0.230054619610077     
  0.901499986648560        1.50249997774760      -0.217011649488670     
  0.901499986648560        1.80299997329712      -0.203852631611364     
  0.901499986648560        2.10349996884664      -0.190905089935217     
  0.901499986648560        2.40399996439616      -0.178482719986125     
  0.901499986648560        2.70449995994568      -0.166556470404236     
  0.901499986648560        3.00499995549520      -0.155024445925342     
  0.901499986648560        3.30549995104472      -0.143860618887674     
  0.901499986648560        3.60599994659424      -0.133289251736790     
  0.901499986648560        3.90649994214376      -0.123572112150752     
  0.901499986648560        4.20699993769328      -0.114674711216028     
  0.901499986648560        4.50749993324280      -0.106513670609750     
  0.901499986648560        4.80799992879232      -9.899448614175302E-002
  0.901499986648560        5.10849992434184      -9.207323553842142E-002
  0.901499986648560        5.40899991989136      -8.584682918715722E-002
  0.901499986648560        5.70949991544088      -8.027524370697538E-002
  0.901499986648560        6.00999991099040      -7.528808004387035E-002
  0.901499986648560        6.31049990653992      -7.078216364290897E-002
  0.901499986648560        6.61099990208944      -6.656077543046286E-002
  0.901499986648560        6.91149989763896      -6.234985072542538E-002
  0.901499986648560        7.21199989318848      -5.809194961419793E-002
   1.20199998219808       0.000000000000000E+000 -0.303808311534310     
   1.20199998219808       0.300499995549520      -0.298275086975456     
   1.20199998219808       0.600999991099040      -0.285238991804698     
   1.20199998219808       0.901499986648560      -0.269639457142024     
   1.20199998219808        1.20199998219808      -0.253348881944385     
   1.20199998219808        1.50249997774760      -0.236900639528923     
   1.20199998219808        1.80299997329712      -0.220831658203844     
   1.20199998219808        2.10349996884664      -0.205595147596401     
   1.20199998219808        2.40399996439616      -0.191379566104641     
   1.20199998219808        2.70449995994568      -0.177980815402334     
   1.20199998219808        3.00499995549520      -0.165088276048630     
   1.20199998219808        3.30549995104472      -0.152624153161305     
   1.20199998219808        3.60599994659424      -0.140740385760990     
   1.20199998219808        3.90649994214376      -0.129735491188105     
   1.20199998219808        4.20699993769328      -0.119839749501623     
   1.20199998219808        4.50749993324280      -0.111017738764016     
   1.20199998219808        4.80799992879232      -0.103030114154747     
   1.20199998219808        5.10849992434184      -9.569734175568780E-002
   1.20199998219808        5.40899991989136      -8.899979166018084E-002
   1.20199998219808        5.70949991544088      -8.289610292236502E-002
   1.20199998219808        6.00999991099040      -7.733863958328539E-002
   1.20199998219808        6.31049990653992      -7.228728720108149E-002
   1.20199998219808        6.61099990208944      -6.761320883899143E-002
   1.20199998219808        6.91149989763896      -6.313215367586261E-002
   1.20199998219808        7.21199989318848      -5.877944812693480E-002
   1.50249997774760       0.000000000000000E+000 -0.348958625584397     
   1.50249997774760       0.300499995549520      -0.343365367008445     
   1.50249997774760       0.600999991099040      -0.328480351034620     
   1.50249997774760       0.901499986648560      -0.307962374017173     
   1.50249997774760        1.20199998219808      -0.285046820004232     
   1.50249997774760        1.50249997774760      -0.262052819861112     
   1.50249997774760        1.80299997329712      -0.240473579086867     
   1.50249997774760        2.10349996884664      -0.221041796027726     
   1.50249997774760        2.40399996439616      -0.204036956951727     
   1.50249997774760        2.70449995994568      -0.188822155395451     
   1.50249997774760        3.00499995549520      -0.174578624538489     
   1.50249997774760        3.30549995104472      -0.160873519936428     
   1.50249997774760        3.60599994659424      -0.147786034863838     
   1.50249997774760        3.90649994214376      -0.135687612531905     
   1.50249997774760        4.20699993769328      -0.124887861185664     
   1.50249997774760        4.50749993324280      -0.115384800012508     
   1.50249997774760        4.80799992879232      -0.106899424917076     
   1.50249997774760        5.10849992434184      -9.911220631408182E-002
   1.50249997774760        5.40899991989136      -9.187005238092252E-002
   1.50249997774760        5.70949991544088      -8.519130258001321E-002
   1.50249997774760        6.00999991099040      -7.905189643108410E-002
   1.50249997774760        6.31049990653992      -7.346219788412213E-002
   1.50249997774760        6.61099990208944      -6.835896232328943E-002
   1.50249997774760        6.91149989763896      -6.361044987899460E-002
   1.50249997774760        7.21199989318848      -5.913444190999838E-002
   1.80299997329712       0.000000000000000E+000 -0.427441454365164     
   1.80299997329712       0.300499995549520      -0.419114571792689     
   1.80299997329712       0.600999991099040      -0.396680547730629     
   1.80299997329712       0.901499986648560      -0.365050604547981     
   1.80299997329712        1.20199998219808      -0.329884261816951     
   1.80299997329712        1.50249997774760      -0.295360714536261     
   1.80299997329712        1.80299997329712      -0.264063623922419     
   1.80299997329712        2.10349996884664      -0.237817556050969     
   1.80299997329712        2.40399996439616      -0.216511460037695     
   1.80299997329712        2.70449995994568      -0.198791818047743     
   1.80299997329712        3.00499995549520      -0.183074966503339     
   1.80299997329712        3.30549995104472      -0.168316296724403     
   1.80299997329712        3.60599994659424      -0.154269102703533     
   1.80299997329712        3.90649994214376      -0.141241438895191     
   1.80299997329712        4.20699993769328      -0.129612931071273     
   1.80299997329712        4.50749993324280      -0.119454114171932     
   1.80299997329712        4.80799992879232      -0.110470867584703     
   1.80299997329712        5.10849992434184      -0.102236942706732     
   1.80299997329712        5.40899991989136      -9.447840291953973E-002
   1.80299997329712        5.70949991544088      -8.717950556881054E-002
   1.80299997329712        6.00999991099040      -8.045396619253835E-002
   1.80299997329712        6.31049990653992      -7.434372899613012E-002
   1.80299997329712        6.61099990208944      -6.883131371347866E-002
   1.80299997329712        6.91149989763896      -6.381659062746388E-002
   1.80299997329712        7.21199989318848      -5.920648964664180E-002
   2.10349996884664       0.000000000000000E+000 -0.552656407099938     
   2.10349996884664       0.300499995549520      -0.538220699041804     
   2.10349996884664       0.600999991099040      -0.499474687259815     
   2.10349996884664       0.901499986648560      -0.447035232743557     
   2.10349996884664        1.20199998219808      -0.390500506804712     
   2.10349996884664        1.50249997774760      -0.337434774256445     
   2.10349996884664        1.80299997329712      -0.292255121910908     
   2.10349996884664        2.10349996884664      -0.256414116291123     
   2.10349996884664        2.40399996439616      -0.229039528069148     
   2.10349996884664        2.70449995994568      -0.207865948096576     
   2.10349996884664        3.00499995549520      -0.190347591461021     
   2.10349996884664        3.30549995104472      -0.174605661099493     
   2.10349996884664        3.60599994659424      -0.159838753175040     
   2.10349996884664        3.90649994214376      -0.146116965857921     
   2.10349996884664        4.20699993769328      -0.133814120569438     
   2.10349996884664        4.50749993324280      -0.123075285274560     
   2.10349996884664        4.80799992879232      -0.113630750897040     
   2.10349996884664        5.10849992434184      -0.104990504975816     
   2.10349996884664        5.40899991989136      -9.678330233076775E-002
   2.10349996884664        5.70949991544088      -8.894294366198921E-002
   2.10349996884664        6.00999991099040      -8.162633950125313E-002
   2.10349996884664        6.31049990653992      -7.499005384762977E-002
   2.10349996884664        6.61099990208944      -6.905053165011389E-002
   2.10349996884664        6.91149989763896      -6.374611271431922E-002
   2.10349996884664        7.21199989318848      -5.899777609300418E-002
   2.40399996439616       0.000000000000000E+000 -0.746356017225756     
   2.40399996439616       0.300499995549520      -0.718406259595781     
   2.40399996439616       0.600999991099040      -0.645946248304108     
   2.40399996439616       0.901499986648560      -0.555014395808254     
   2.40399996439616        1.20199998219808      -0.465570857760719     
   2.40399996439616        1.50249997774760      -0.387605278193580     
   2.40399996439616        1.80299997329712      -0.324653251797708     
   2.40399996439616        2.10349996884664      -0.276732180888484     
   2.40399996439616        2.40399996439616      -0.241698766702902     
   2.40399996439616        2.70449995994568      -0.216138684813258     
   2.40399996439616        3.00499995549520      -0.196404501870972     
   2.40399996439616        3.30549995104472      -0.179638976462816     
   2.40399996439616        3.60599994659424      -0.164320388549245     
   2.40399996439616        3.90649994214376      -0.150129219964532     
   2.40399996439616        4.20699993769328      -0.137337247108740     
   2.40399996439616        4.50749993324280      -0.126135181909270     
   2.40399996439616        4.80799992879232      -0.116298525800095     
   2.40399996439616        5.10849992434184      -0.107312064534937     
   2.40399996439616        5.40899991989136      -9.873343004001355E-002
   2.40399996439616        5.70949991544088      -9.044338478567773E-002
   2.40399996439616        6.00999991099040      -8.260364842798941E-002
   2.40399996439616        6.31049990653992      -7.542113898291639E-002
   2.40399996439616        6.61099990208944      -6.897095871499048E-002
   2.40399996439616        6.91149989763896      -6.325878599541447E-002
   2.40399996439616        7.21199989318848      -5.838121379708045E-002
   2.70449995994568       0.000000000000000E+000  -1.00707382352059     
   2.70449995994568       0.300499995549520      -0.961009963339817     
   2.70449995994568       0.600999991099040      -0.841586936221040     
   2.70449995994568       0.901499986648560      -0.690850924586086     
   2.70449995994568        1.20199998219808      -0.552653266940935     
   2.70449995994568        1.50249997774760      -0.442751225189821     
   2.70449995994568        1.80299997329712      -0.358983124064203     
   2.70449995994568        2.10349996884664      -0.297526634861456     
   2.70449995994568        2.40399996439616      -0.254003401476634     
   2.70449995994568        2.70449995994568      -0.223544856449549     
   2.70449995994568        3.00499995549520      -0.201328611683865     
   2.70449995994568        3.30549995104472      -0.183480336223026     
   2.70449995994568        3.60599994659424      -0.167699351696848     
   2.70449995994568        3.90649994214376      -0.153204340430039     
   2.70449995994568        4.20699993769328      -0.140095035203412     
   2.70449995994568        4.50749993324280      -0.128563272505638     
   2.70449995994568        4.80799992879232      -0.118424507970150     
   2.70449995994568        5.10849992434184      -0.109162946674009     
   2.70449995994568        5.40899991989136      -0.100290938921538     
   2.70449995994568        5.70949991544088      -9.163733601236179E-002
   2.70449995994568        6.00999991099040      -8.333475370786814E-002
   2.70449995994568        6.31049990653992      -7.556717997171215E-002
   2.70449995994568        6.61099990208944      -6.846508727993388E-002
   2.70449995994568        6.91149989763896      -6.235996535958761E-002
   2.70449995994568        7.21199989318848      -5.747143524820898E-002
   3.00499995549520       0.000000000000000E+000  -1.28865469557734     
   3.00499995549520       0.300499995549520       -1.22361843656714     
   3.00499995549520       0.600999991099040       -1.05274839810257     
   3.00499995549520       0.901499986648560      -0.839423172435047     
   3.00499995549520        1.20199998219808      -0.642345450871955     
   3.00499995549520        1.50249997774760      -0.495674917697283     
   3.00499995549520        1.80299997329712      -0.390660297049495     
   3.00499995549520        2.10349996884664      -0.316219376993300     
   3.00499995549520        2.40399996439616      -0.264727545949203     
   3.00499995549520        2.70449995994568      -0.229662148385826     
   3.00499995549520        3.00499995549520      -0.205083452471191     
   3.00499995549520        3.30549995104472      -0.186204192245524     
   3.00499995549520        3.60599994659424      -0.170026116220844     
   3.00499995549520        3.90649994214376      -0.155340057150112     
   3.00499995549520        4.20699993769328      -0.142052590957413     
   3.00499995549520        4.50749993324280      -0.130317725995909     
   3.00499995549520        4.80799992879232      -0.119973150529638     
   3.00499995549520        5.10849992434184      -0.110513597805123     
   3.00499995549520        5.40899991989136      -0.101427308274247     
   3.00499995549520        5.70949991544088      -9.249815799820245E-002
   3.00499995549520        6.00999991099040      -8.380554930550149E-002
   3.00499995549520        6.31049990653992      -7.547724467470165E-002
   3.00499995549520        6.61099990208944      -6.781092900772394E-002
   3.00499995549520        6.91149989763896      -6.138987763143514E-002
   3.00499995549520        7.21199989318848      -5.659885987535553E-002
   3.30549995104472       0.000000000000000E+000  -1.49355487368476     
   3.30549995104472       0.300499995549520       -1.41996057299924     
   3.30549995104472       0.600999991099040       -1.21912438873965     
   3.30549995104472       0.901499986648560      -0.956312143577324     
   3.30549995104472        1.20199998219808      -0.714319331562411     
   3.30549995104472        1.50249997774760      -0.535237532407641     
   3.30549995104472        1.80299997329712      -0.413497478643999     
   3.30549995104472        2.10349996884664      -0.329435205772535     
   3.30549995104472        2.40399996439616      -0.272177527096512     
   3.30549995104472        2.70449995994568      -0.233783736929274     
   3.30549995104472        3.00499995549520      -0.207476499145675     
   3.30549995104472        3.30549995104472      -0.187826015406646     
   3.30549995104472        3.60599994659424      -0.171358196298389     
   3.30549995104472        3.90649994214376      -0.156570906056545     
   3.30549995104472        4.20699993769328      -0.143208233247031     
   3.30549995104472        4.50749993324280      -0.131372426442388     
   3.30549995104472        4.80799992879232      -0.120912287429349     
   3.30549995104472        5.10849992434184      -0.111335087928692     
   3.30549995104472        5.40899991989136      -0.102118131563361     
   3.30549995104472        5.70949991544088      -9.301345480167018E-002
   3.30549995104472        6.00999991099040      -8.404657950730827E-002
   3.30549995104472        6.31049990653992      -7.532394437970767E-002
   3.30549995104472        6.61099990208944      -6.726145001873374E-002
   3.30549995104472        6.91149989763896      -6.077626270131185E-002
   3.30549995104472        7.21199989318848      -5.613164040798296E-002
   3.60599994659424       0.000000000000000E+000  -1.63341820074391     
   3.60599994659424       0.300499995549520       -1.48769596894636     
   3.60599994659424       0.600999991099040       -1.28053589429059     
   3.60599994659424       0.901499986648560       -1.00076517993173     
   3.60599994659424        1.20199998219808      -0.741970696929098     
   3.60599994659424        1.50249997774760      -0.550083280414772     
   3.60599994659424        1.80299997329712      -0.421876239693366     
   3.60599994659424        2.10349996884664      -0.334229900514307     
   3.60599994659424        2.40399996439616      -0.274856570105277     
   3.60599994659424        2.70449995994568      -0.235243264957539     
   3.60599994659424        3.00499995549520      -0.208296973997174     
   3.60599994659424        3.30549995104472      -0.188354614925660     
   3.60599994659424        3.60599994659424      -0.171775986814858     
   3.60599994659424        3.90649994214376      -0.156959856358029     
   3.60599994659424        4.20699993769328      -0.143581350753149     
   3.60599994659424        4.50749993324280      -0.131717119360949     
   3.60599994659424        4.80799992879232      -0.121220788121568     
   3.60599994659424        5.10849992434184      -0.111605599688529     
   3.60599994659424        5.40899991989136      -0.102345508525524     
   3.60599994659424        5.70949991544088      -9.318067870695596E-002
   3.60599994659424        6.00999991099040      -8.411482852433380E-002
   3.60599994659424        6.31049990653992      -7.525161488641892E-002
   3.60599994659424        6.61099990208944      -6.707069068263319E-002
   3.60599994659424        6.91149989763896      -6.077157239846018E-002
   3.60599994659424        7.21199989318848      -5.615864896797146E-002
   3.90649994214376       0.000000000000000E+000  -1.49355764398508     
   3.90649994214376       0.300499995549520       -1.41989548288822     
   3.90649994214376       0.600999991099040       -1.21906747897080     
   3.90649994214376       0.901499986648560      -0.956281045280042     
   3.90649994214376        1.20199998219808      -0.714305988767131     
   3.90649994214376        1.50249997774760      -0.535230637374014     
   3.90649994214376        1.80299997329712      -0.413490894377792     
   3.90649994214376        2.10349996884664      -0.329426439915223     
   3.90649994214376        2.40399996439616      -0.272165633561716     
   3.90649994214376        2.70449995994568      -0.233768725750582     
   3.90649994214376        3.00499995549520      -0.207458864491797     
   3.90649994214376        3.30549995104472      -0.187806439138988     
   3.90649994214376        3.60599994659424      -0.171337382160369     
   3.90649994214376        3.90649994214376      -0.156549428012400     
   3.90649994214376        4.20699993769328      -0.143186671730857     
   3.90649994214376        4.50749993324280      -0.131351423597639     
   3.90649994214376        4.80799992879232      -0.120892446720291     
   3.90649994214376        5.10849992434184      -0.111316981349212     
   3.90649994214376        5.40899991989136      -0.102102131789112     
   3.90649994214376        5.70949991544088      -9.299975500595435E-002
   3.90649994214376        6.00999991099040      -8.403516287539162E-002
   3.90649994214376        6.31049990653992      -7.531436945924817E-002
   3.90649994214376        6.61099990208944      -6.725182656893859E-002
   3.90649994214376        6.91149989763896      -6.076661990029737E-002
   3.90649994214376        7.21199989318848      -5.612618429171072E-002
   4.20699993769328       0.000000000000000E+000  -1.28866092871305     
   4.20699993769328       0.300499995549520       -1.22356407414338     
   4.20699993769328       0.600999991099040       -1.05269020098683     
   4.20699993769328       0.901499986648560      -0.839387853901414     
   4.20699993769328        1.20199998219808      -0.642329217747773     
   4.20699993769328        1.50249997774760      -0.495664619332065     
   4.20699993769328        1.80299997329712      -0.390648274871949     
   4.20699993769328        2.10349996884664      -0.316201953888174     
   4.20699993769328        2.40399996439616      -0.264703362648471     
   4.20699993769328        2.70449995994568      -0.229631574242245     
   4.20699993769328        3.00499995549520      -0.205047758722257     
   4.20699993769328        3.30549995104472      -0.186164873393287     
   4.20699993769328        3.60599994659424      -0.169984345141264     
   4.20699993769328        3.90649994214376      -0.155296668053447     
   4.20699993769328        4.20699993769328      -0.142008451625916     
   4.20699993769328        4.50749993324280      -0.130273948680130     
   4.20699993769328        4.80799992879232      -0.119931085705587     
   4.20699993769328        5.10849992434184      -0.110474615075452     
   4.20699993769328        5.40899991989136      -0.101392482984351     
   4.20699993769328        5.70949991544088      -9.246815953744293E-002
   4.20699993769328        6.00999991099040      -8.378079004527335E-002
   4.20699993769328        6.31049990653992      -7.545799372309460E-002
   4.20699993769328        6.61099990208944      -6.779566321652383E-002
   4.20699993769328        6.91149989763896      -6.137716397736630E-002
   4.20699993769328        7.21199989318848      -5.658904091053386E-002
   4.50749993324280       0.000000000000000E+000  -1.00708063914396     
   4.50749993324280       0.300499995549520      -0.960984916994620     
   4.50749993324280       0.600999991099040      -0.841555396534953     
   4.50749993324280       0.901499986648560      -0.690830885515662     
   4.50749993324280        1.20199998219808      -0.552642087379587     
   4.50749993324280        1.50249997774760      -0.442740531671793     
   4.50749993324280        1.80299997329712      -0.358966240386337     
   4.50749993324280        2.10349996884664      -0.297499668392064     
   4.50749993324280        2.40399996439616      -0.253965360714389     
   4.50749993324280        2.70449995994568      -0.223497160773639     
   4.50749993324280        3.00499995549520      -0.201273843551343     
   4.50749993324280        3.30549995104472      -0.183420814040352     
   4.50749993324280        3.60599994659424      -0.167636377423489     
   4.50749993324280        3.90649994214376      -0.153138337760822     
   4.50749993324280        4.20699993769328      -0.140026618842412     
   4.50749993324280        4.50749993324280      -0.128493814935894     
   4.50749993324280        4.80799992879232      -0.118356236798325     
   4.50749993324280        5.10849992434184      -0.109098508060967     
   4.50749993324280        5.40899991989136      -0.100232568594679     
   4.50749993324280        5.70949991544088      -9.158652092508532E-002
   4.50749993324280        6.00999991099040      -8.329238986554417E-002
   4.50749993324280        6.31049990653992      -7.553422043404723E-002
   4.50749993324280        6.61099990208944      -6.844196207620355E-002
   4.50749993324280        6.91149989763896      -6.234446048267187E-002
   4.50749993324280        7.21199989318848      -5.746069543384250E-002
   4.80799992879232       0.000000000000000E+000 -0.746361294165396     
   4.80799992879232       0.300499995549520      -0.718400942718657     
   4.80799992879232       0.600999991099040      -0.645938316854157     
   4.80799992879232       0.901499986648560      -0.555008920195245     
   4.80799992879232        1.20199998219808      -0.465565526686598     
   4.80799992879232        1.50249997774760      -0.387593909724668     
   4.80799992879232        1.80299997329712      -0.324629631869100     
   4.80799992879232        2.10349996884664      -0.276692670921717     
   4.80799992879232        2.40399996439616      -0.241643483737653     
   4.80799992879232        2.70449995994568      -0.216071006374779     
   4.80799992879232        3.00499995549520      -0.196328827494875     
   4.80799992879232        3.30549995104472      -0.179558450670859     
   4.80799992879232        3.60599994659424      -0.164235865989367     
   4.80799992879232        3.90649994214376      -0.150040028310870     
   4.80799992879232        4.20699993769328      -0.137242859119346     
   4.80799992879232        4.50749993324280      -0.126036938649017     
   4.80799992879232        4.80799992879232      -0.116199830570914     
   4.80799992879232        5.10849992434184      -0.107217295012246     
   4.80799992879232        5.40899991989136      -9.864646926842724E-002
   4.80799992879232        5.70949991544088      -9.036672120666678E-002
   4.80799992879232        6.00999991099040      -8.253849585989147E-002
   4.80799992879232        6.31049990653992      -7.536823903227462E-002
   4.80799992879232        6.61099990208944      -6.893099532376053E-002
   4.80799992879232        6.91149989763896      -6.323134693102120E-002
   4.80799992879232        7.21199989318848      -5.836241778347491E-002
   5.10849992434184       0.000000000000000E+000 -0.552659542604854     
   5.10849992434184       0.300499995549520      -0.538224072083245     
   5.10849992434184       0.600999991099040      -0.499478940817585     
   5.10849992434184       0.901499986648560      -0.447038253842759     
   5.10849992434184        1.20199998219808      -0.390497604826621     
   5.10849992434184        1.50249997774760      -0.337419179436485     
   5.10849992434184        1.80299997329712      -0.292220298044681     
   5.10849992434184        2.10349996884664      -0.256356930067398     
   5.10849992434184        2.40399996439616      -0.228961986420408     
   5.10849992434184        2.70449995994568      -0.207774070537130     
   5.10849992434184        3.00499995549520      -0.190248267714408     
   5.10849992434184        3.30549995104472      -0.174503058995482     
   5.10849992434184        3.60599994659424      -0.159732657826263     
   5.10849992434184        3.90649994214376      -0.146004349933106     
   5.10849992434184        4.20699993769328      -0.133692587238528     
   5.10849992434184        4.50749993324280      -0.122945952556375     
   5.10849992434184        4.80799992879232      -0.113498448011550     
   5.10849992434184        5.10849992434184      -0.104861863209623     
   5.10849992434184        5.40899991989136      -9.666405824310580E-002
   5.10849992434184        5.70949991544088      -8.883642242370544E-002
   5.10849992434184        6.00999991099040      -8.153375638973646E-002
   5.10849992434184        6.31049990653992      -7.491211283542024E-002
   5.10849992434184        6.61099990208944      -6.898832127826014E-002
   5.10849992434184        6.91149989763896      -6.369941553127978E-002
   5.10849992434184        7.21199989318848      -5.896398183752018E-002
   5.40899991989136       0.000000000000000E+000 -0.427442841994117     
   5.40899991989136       0.300499995549520      -0.419116745946759     
   5.40899991989136       0.600999991099040      -0.396684106028636     
   5.40899991989136       0.901499986648560      -0.365053706441327     
   5.40899991989136        1.20199998219808      -0.329879183094792     
   5.40899991989136        1.50249997774760      -0.295336299025824     
   5.40899991989136        1.80299997329712      -0.264012326212551     
   5.40899991989136        2.10349996884664      -0.237736865938182     
   5.40899991989136        2.40399996439616      -0.216405663860974     
   5.40899991989136        2.70449995994568      -0.198670673897685     
   5.40899991989136        3.00499995549520      -0.182948917535078     
   5.40899991989136        3.30549995104472      -0.168190881705996     
   5.40899991989136        3.60599994659424      -0.154142209575029     
   5.40899991989136        3.90649994214376      -0.141106175942288     
   5.40899991989136        4.20699993769328      -0.129464041641262     
   5.40899991989136        4.50749993324280      -0.119292527048969     
   5.40899991989136        4.80799992879232      -0.110303574699050     
   5.40899991989136        5.10849992434184      -0.102073297349070     
   5.40899991989136        5.40899991989136      -9.432580830489250E-002
   5.40899991989136        5.70949991544088      -8.704119402918564E-002
   5.40899991989136        6.00999991099040      -8.033019895399639E-002
   5.40899991989136        6.31049990653992      -7.423531935995946E-002
   5.40899991989136        6.61099990208944      -6.873958839170341E-002
   5.40899991989136        6.91149989763896      -6.374248476132210E-002
   5.40899991989136        7.21199989318848      -5.914954172512722E-002
   5.70949991544088       0.000000000000000E+000 -0.348958622138751     
   5.70949991544088       0.300499995549520      -0.343359857849712     
   5.70949991544088       0.600999991099040      -0.328472965965489     
   5.70949991544088       0.901499986648560      -0.307954178749285     
   5.70949991544088        1.20199998219808      -0.285031251293947     
   5.70949991544088        1.50249997774760      -0.262016018765295     
   5.70949991544088        1.80299997329712      -0.240402146566162     
   5.70949991544088        2.10349996884664      -0.220932582737010     
   5.70949991544088        2.40399996439616      -0.203896939886730     
   5.70949991544088        2.70449995994568      -0.188665832076323     
   5.70949991544088        3.00499995549520      -0.174422106270281     
   5.70949991544088        3.30549995104472      -0.160725434518127     
   5.70949991544088        3.60599994659424      -0.147641290694354     
   5.70949991544088        3.90649994214376      -0.135532069714482     
   5.70949991544088        4.20699993769328      -0.124711678336861     
   5.70949991544088        4.50749993324280      -0.115190062428936     
   5.70949991544088        4.80799992879232      -0.106697106319312     
   5.70949991544088        5.10849992434184      -9.891498283933754E-002
   5.70949991544088        5.40899991989136      -9.168621255834743E-002
   5.70949991544088        5.70949991544088      -8.502249893859307E-002
   5.70949991544088        6.00999991099040      -7.889772369884450E-002
   5.70949991544088        6.31049990653992      -7.332183107568963E-002
   5.70949991544088        6.61099990208944      -6.823117983555903E-002
   5.70949991544088        6.91149989763896      -6.349583204487393E-002
   5.70949991544088        7.21199989318848      -5.903827398578634E-002
   6.00999991099040       0.000000000000000E+000 -0.303807027280368     
   6.00999991099040       0.300499995549520      -0.298260402382558     
   6.00999991099040       0.600999991099040      -0.285217553674826     
   6.00999991099040       0.901499986648560      -0.269617567501651     
   6.00999991099040        1.20199998219808      -0.253321186890958     
   6.00999991099040        1.50249997774760      -0.236850209127268     
   6.00999991099040        1.80299997329712      -0.220740102427404     
   6.00999991099040        2.10349996884664      -0.205454592502688     
   6.00999991099040        2.40399996439616      -0.191198680991490     
   6.00999991099040        2.70449995994568      -0.177779680963801     
   6.00999991099040        3.00499995549520      -0.164893518161952     
   6.00999991099040        3.30549995104472      -0.152455233535744     
   6.00999991099040        3.60599994659424      -0.140587291980046     
   6.00999991099040        3.90649994214376      -0.129565216769887     
   6.00999991099040        4.20699993769328      -0.119633889759481     
   6.00999991099040        4.50749993324280      -0.110785905366267     
   6.00999991099040        4.80799992879232      -0.102792115743680     
   6.00999991099040        5.10849992434184      -9.546985190535441E-002
   6.00999991099040        5.40899991989136      -8.879082852786421E-002
   6.00999991099040        5.70949991544088      -8.270656469996461E-002
   6.00999991099040        6.00999991099040      -7.716519158296246E-002
   6.00999991099040        6.31049990653992      -7.212394170382809E-002
   6.00999991099040        6.61099990208944      -6.745187506751225E-002
   6.00999991099040        6.91149989763896      -6.296742505359719E-002
   6.00999991099040        7.21199989318848      -5.862510941281262E-002
   6.31049990653992       0.000000000000000E+000 -0.281267583688483     
   6.31049990653992       0.300499995549520      -0.272564292595127     
   6.31049990653992       0.600999991099040      -0.256843300191675     
   6.31049990653992       0.901499986648560      -0.242920391469602     
   6.31049990653992        1.20199998219808      -0.230021783312865     
   6.31049990653992        1.50249997774760      -0.216953729719468     
   6.31049990653992        1.80299997329712      -0.203744267786965     
   6.31049990653992        2.10349996884664      -0.190732459988283     
   6.31049990653992        2.40399996439616      -0.178251322496337     
   6.31049990653992        2.70449995994568      -0.166288207955642     
   6.31049990653992        3.00499995549520      -0.154766624720966     
   6.31049990653992        3.30549995104472      -0.143661369685014     
   6.31049990653992        3.60599994659424      -0.133131563622305     
   6.31049990653992        3.90649994214376      -0.123383560176960     
   6.31049990653992        4.20699993769328      -0.114422498254353     
   6.31049990653992        4.50749993324280      -0.106228974913825     
   6.31049990653992        4.80799992879232      -9.871631616172814E-002
   6.31049990653992        5.10849992434184      -9.181995131728342E-002
   6.31049990653992        5.40899991989136      -8.562460903512109E-002
   6.31049990653992        5.70949991544088      -8.008049933553356E-002
   6.31049990653992        6.00999991099040      -7.511027488354359E-002
   6.31049990653992        6.31049990653992      -7.060890375489789E-002
   6.31049990653992        6.61099990208944      -6.637713494927962E-002
   6.31049990653992        6.91149989763896      -6.213372306752402E-002
   6.31049990653992        7.21199989318848      -5.785893696753872E-002
   6.61099990208944       0.000000000000000E+000 -0.268784943572002     
   6.61099990208944       0.300499995549520      -0.252313301304039     
   6.61099990208944       0.600999991099040      -0.233490850766420     
   6.61099990208944       0.901499986648560      -0.222146736688964     
   6.61099990208944        1.20199998219808      -0.211334699389708     
   6.61099990208944        1.50249997774760      -0.199743477010675     
   6.61099990208944        1.80299997329712      -0.187946546001127     
   6.61099990208944        2.10349996884664      -0.176391691022353     
   6.61099990208944        2.40399996439616      -0.165289487461648     
   6.61099990208944        2.70449995994568      -0.154715596974693     
   6.61099990208944        3.00499995549520      -0.144609937916650     
   6.61099990208944        3.30549995104472      -0.134927131751129     
   6.61099990208944        3.60599994659424      -0.125936678920965     
   6.61099990208944        3.90649994214376      -0.117625312166936     
   6.61099990208944        4.20699993769328      -0.109595000131122     
   6.61099990208944        4.50749993324280      -0.101803221542121     
   6.61099990208944        4.80799992879232      -9.459850547953910E-002
   6.61099990208944        5.10849992434184      -8.802921138126843E-002
   6.61099990208944        5.40899991989136      -8.224576492600372E-002
   6.61099990208944        5.70949991544088      -7.719643390292655E-002
   6.61099990208944        6.00999991099040      -7.276246383903381E-002
   6.61099990208944        6.31049990653992      -6.878004875261530E-002
   6.61099990208944        6.61099990208944      -6.499821490492884E-002
   6.61099990208944        6.91149989763896      -6.108513667550644E-002
   6.61099990208944        7.21199989318848      -5.688901557703781E-002
   6.91149989763896       0.000000000000000E+000 -0.245263073687174     
   6.91149989763896       0.300499995549520      -0.225819949870751     
   6.91149989763896       0.600999991099040      -0.213551825642149     
   6.91149989763896       0.901499986648560      -0.205413892721636     
   6.91149989763896        1.20199998219808      -0.195000162445694     
   6.91149989763896        1.50249997774760      -0.183712596502506     
   6.91149989763896        1.80299997329712      -0.172719838187892     
   6.91149989763896        2.10349996884664      -0.162409950132242     
   6.91149989763896        2.40399996439616      -0.152767652504391     
   6.91149989763896        2.70449995994568      -0.143774827138647     
   6.91149989763896        3.00499995549520      -0.135385364859946     
   6.91149989763896        3.30549995104472      -0.127614035833467     
   6.91149989763896        3.60599994659424      -0.120531055123997     
   6.91149989763896        3.90649994214376      -0.113173642712879     
   6.91149989763896        4.20699993769328      -0.105546404081137     
   6.91149989763896        4.50749993324280      -9.776570239814257E-002
   6.91149989763896        4.80799992879232      -9.053690007480927E-002
   6.91149989763896        5.10849992434184      -8.417343879657004E-002
   6.91149989763896        5.40899991989136      -7.874258309687568E-002
   6.91149989763896        5.70949991544088      -7.415035817411150E-002
   6.91149989763896        6.00999991099040      -7.022353569050382E-002
   6.91149989763896        6.31049990653992      -6.675916831780401E-002
   6.91149989763896        6.61099990208944      -6.347660931769829E-002
   6.91149989763896        6.91149989763896      -6.025982338361673E-002
   6.91149989763896        7.21199989318848      -5.679630365373534E-002
   7.21199989318848       0.000000000000000E+000 -0.212450058977686     
   7.21199989318848       0.300499995549520      -0.212343607321697     
   7.21199989318848       0.600999991099040      -0.202087547053617     
   7.21199989318848       0.901499986648560      -0.190617464977175     
   7.21199989318848        1.20199998219808      -0.179074034907438     
   7.21199989318848        1.50249997774760      -0.168124668207250     
   7.21199989318848        1.80299997329712      -0.158121571983580     
   7.21199989318848        2.10349996884664      -0.149174321016679     
   7.21199989318848        2.40399996439616      -0.141141461721744     
   7.21199989318848        2.70449995994568      -0.133907103551909     
   7.21199989318848        3.00499995549520      -0.127540475609472     
   7.21199989318848        3.30549995104472      -0.121830139487371     
   7.21199989318848        3.60599994659424      -0.116209728746554     
   7.21199989318848        3.90649994214376      -0.108835016476642     
   7.21199989318848        4.20699993769328      -0.101483850657168     
   7.21199989318848        4.50749993324280      -9.364741269652445E-002
   7.21199989318848        4.80799992879232      -8.643682583584056E-002
   7.21199989318848        5.10849992434184      -8.026567309585735E-002
   7.21199989318848        5.40899991989136      -7.519985311034552E-002
   7.21199989318848        5.70949991544088      -7.103170605536924E-002
   7.21199989318848        6.00999991099040      -6.757838444719687E-002
   7.21199989318848        6.31049990653992      -6.466095899107539E-002
   7.21199989318848        6.61099990208944      -6.205321243230441E-002
   7.21199989318848        6.91149989763896      -5.940594948587190E-002
   7.21199989318848        7.21199989318848      -5.636854826573141E-002
